$SPEC_ID:
NIST1155,1000s,40kV,01mA
$COORDINATES:
XYZT
       53.340010       59.924996       52.532987    0.0020000000
$MEAS_TIM:
       1000.0023       1015.2218
$ICR_&_OCR (normalised to 1s)
       881.61032       868.38267
$DATA:
0  2047
0 0 0 0 0 0 0 0 0 0
0 0 0 0 0 0 0 0 0 0
0 0 0 0 0 0 0 0 0 0
0 0 0 0 0 0 0 0 0 0
0 0 0 0 0 0 0 0 0 0
0 0 0 0 0 0 0 0 0 0
0 1 0 1 0 2 4 4 0 6
1 2 5 5 4 4 1 2 3 3
4 1 5 5 6 6 3 4 6 5
2 10 5 7 4 3 6 4 1 5
3 5 4 7 4 7 7 8 4 3
3 4 3 4 2 3 8 6 1 5
3 2 5 5 0 1 2 5 3 3
6 5 6 4 2 8 1 4 1 5
2 7 1 2 3 3 2 0 2 2
4 1 2 2 5 5 3 0 4 3
5 1 3 3 3 3 4 2 3 4
4 5 3 2 5 8 8 7 8 3
12 5 7 8 12 7 4 5 8 4
6 3 4 4 3 7 4 5 5 5
7 5 5 5 1 7 8 6 6 7
9 11 3 4 5 4 6 5 7 7
4 3 5 4 10 9 5 7 8 7
10 12 12 9 11 14 11 7 13 10
16 15 12 12 10 15 18 16 10 8
8 11 10 12 13 11 8 5 12 9
8 8 9 4 7 6 10 3 3 11
4 7 8 6 3 8 12 7 6 10
5 8 8 3 10 3 4 5 6 7
7 11 9 10 6 5 8 8 11 5
9 14 15 9 19 11 18 11 6 11
9 17 9 17 12 6 8 11 7 9
4 1 7 13 2 6 10 6 7 4
6 10 8 5 5 9 7 9 9 8
5 8 7 6 8 16 5 5 7 7
4 7 5 4 6 6 7 10 12 8
9 10 14 15 12 14 17 14 15 31
39 29 42 56 61 65 68 66 54 54
55 58 45 42 40 31 32 19 23 18
7 18 14 12 3 12 6 9 8 5
7 16 4 11 4 9 5 7 8 9
12 9 5 12 16 9 10 16 14 13
14 16 11 17 18 15 21 24 22 23
20 27 23 16 27 19 13 19 17 16
15 16 16 13 15 15 12 13 14 12
5 22 20 12 9 12 13 9 10 16
11 15 15 21 20 19 23 31 40 29
64 63 55 86 83 97 119 92 106 135
99 142 104 105 114 100 68 65 60 45
40 42 25 27 31 34 16 19 26 16
33 29 41 34 27 36 38 39 39 43
41 44 35 55 43 38 47 34 40 32
45 37 42 57 59 51 32 55 43 60
60 68 71 63 57 92 117 135 181 237
302 414 570 785 1019 1463 1828 2453 3236 3767
4802 5644 6575 7612 8459 9069 9688 9950 9941 9900
9540 9071 8252 7375 6348 5454 4550 3682 2974 2380
1773 1247 934 694 450 336 230 183 131 108
86 87 93 70 75 64 86 91 75 78
89 120 123 190 221 236 331 433 490 699
703 964 1094 1251 1411 1618 1871 2002 2123 2247
2352 2243 2334 2220 2169 1984 1759 1650 1422 1249
1076 906 785 630 513 394 297 246 198 195
169 158 129 159 176 176 246 254 339 429
595 880 1180 1633 2151 2973 3990 5170 6603 8391
10255 12624 14973 17511 19761 21942 23814 25595 26645 27350
27597 27266 25928 24169 22459 20219 17440 15237 12905 10735
8722 6798 5330 4135 3175 2295 1691 1200 831 582
398 320 227 167 100 96 77 95 74 73
83 68 80 75 65 65 95 71 97 106
121 121 141 140 149 186 214 259 276 393
449 481 673 798 988 1183 1530 1711 2011 2427
2676 3030 3329 3651 3884 4168 4295 4262 4185 4094
3911 3750 3358 2999 2648 2349 1875 1569 1278 1058
877 649 531 361 260 227 159 133 120 110
120 160 205 270 358 466 564 772 946 1186
1411 1599 1955 2280 2530 2887 3108 3250 3490 3603
3593 3431 3425 3244 3068 2743 2526 2294 2024 1675
1323 1139 945 746 548 433 362 224 197 131
85 59 44 30 27 27 18 13 13 13
5 7 9 10 15 9 4 8 9 7
11 18 12 17 20 18 19 20 42 41
48 60 51 59 72 76 72 79 75 104
107 83 125 94 107 113 145 155 154 189
243 285 305 320 392 421 441 510 547 597
560 597 620 627 560 536 521 456 437 411
390 320 257 221 174 152 117 107 89 58
50 43 31 31 22 20 18 9 10 12
6 12 4 2 4 1 4 3 4 6
3 3 0 3 2 3 2 3 1 0
2 6 8 2 6 2 8 4 7 6
12 7 9 12 9 14 8 7 12 11
9 5 9 8 4 7 2 2 3 5
4 1 3 2 1 1 1 1 1 0
0 3 1 3 0 0 3 2 3 1
3 3 0 3 0 0 3 4 0 0
1 3 0 2 2 3 2 2 1 1
0 6 1 4 1 2 5 6 5 8
7 4 5 4 6 12 11 14 12 11
23 18 16 20 25 26 13 25 24 25
18 18 12 12 16 11 12 12 17 12
14 13 7 16 6 10 10 4 15 8
8 8 6 8 10 10 6 4 9 5
8 4 3 5 6 4 12 3 4 2
6 3 1 0 0 2 1 3 4 0
3 1 1 2 3 2 4 2 0 1
2 4 2 1 0 0 1 4 2 2
2 4 0 5 1 5 9 6 8 7
8 15 10 18 11 11 8 13 12 8
10 6 9 5 9 6 5 2 1 1
2 3 1 2 0 1 3 0 1 2
0 0 2 1 1 0 2 1 0 0
4 3 1 0 0 3 0 2 0 0
0 2 1 1 1 2 0 0 0 0
0 1 0 1 2 1 3 1 3 2
2 1 3 7 6 8 3 2 5 13
6 8 5 3 10 5 4 3 9 9
5 3 4 4 6 2 1 1 4 0
1 1 0 2 5 1 3 1 5 3
7 3 2 2 4 6 8 4 2 4
7 2 4 7 6 4 1 2 2 8
6 2 5 3 4 1 6 3 1 5
2 3 1 4 1 2 5 0 3 0
3 1 4 0 3 3 0 1 2 1
2 0 2 0 1 2 0 2 1 0
1 1 0 2 0 0 1 1 0 0
1 1 0 0 0 1 1 0 2 1
1 1 1 0 1 1 2 1 2 2
1 0 1 1 2 4 0 1 1 1
0 0 2 1 1 2 1 3 3 5
1 3 1 3 1 2 3 2 4 6
2 2 5 3 5 8 6 10 3 5
6 5 3 4 2 4 3 8 2 6
3 3 2 1 4 0 2 1 1 0
3 3 3 1 1 0 0 1 1 2
0 1 0 0 2 0 1 0 0 1
2 0 2 0 2 0 2 0 1 0
1 1 2 1 1 3 2 3 2 0
4 1 2 7 0 2 0 2 1 1
2 0 2 0 1 1 1 2 2 2
0 0 0 1 4 1 2 0 1 0
4 0 2 0 1 0 0 0 3 1
4 0 3 2 0 3 2 2 2 3
2 2 0 1 2 1 2 1 0 3
2 0 1 1 0 0 2 1 1 2
0 2 0 2 3 2 2 0 2 2
1 1 1 3 1 1 1 3 1 0
3 2 0 3 3 1 0 0 2 0
3 0 0 1 1 3 1 1 0 0
0 1 2 0 1 1 2 2 2 2
1 4 2 2 3 3 3 0 0 1
0 2 4 1 5 1 1 0 2 1
3 2 3 2 1 2 1 2 3 2
1 2 1 3 0 2 4 1 2 5
2 1 2 1 1 3 1 0 1 4
5 3 1 4 2 5 3 3 2 5
7 2 5 1 5 4 0 3 4 3
4 4 4 4 5 5 2 5 3 6
3 5 3 4 3 5 5 3 4 1
0 10 5 6 3 9 6 5 3 5
4 4 5 4 5 3 10 7 7 9
3 4 6 5 11 8 10 5 10 7
6 7 6 12 7 4 5 10 4 4
6 4 9 13 4 6 11 12 9 11
11 12 12 17 15 18 18 8 12 16
17 11 14 10 14 10 12 14 11 7
17 20 25 15 16 18 22 17 24 22
18 15 24 15 17 18 15 21 15 32
21 20 32 16 35 36 36 37 38 19
26 44 36 36 37 40 51 31 48 35
62 56 45 54 45 54 75 53 55 63
78 79 64 65 67 69 68 73 60 91
82 69 97 77 91 98 99 100 93 102
78 86 99 113 89 100 90 88 91 92
77 98 108 90 74 93 78 70 60 98
82 83 80 67 88 70 73 73 66 68
75 74 73 84 68 84 82 95 88 88
106 119 122 132 191 167 193 218 235 289
283 335 311 366 383 429 502 484 482 567
542 614 606 632 611 609 692 620 710 635
604 603 586 548 514 502 445 434 368 343
334 291 260 240 209 188 165 133 116 99
84 75 52 54 50 33 33 31 20 17
18 24 14 19 13 20 14 10 12 11
9 10 9 17 7 7 3 7 4 4
10 8 0 5 3 0 3 3 3 7
2 2 2 3 4 0 1 1 1 0
0 0 0 1 0 0 0 0 1 0
0 0 1 0 0 0 1 0 0 0
0 1 0 0 0 1 0 0 0 0
0 0 0 0 0 0 0 0 0 0
0 0 0 0 0 1 0 0 0 0
0 0 0 0 0 0 0 0 0 0
0 0 0 0 0 0 0 0 0 0
0 0 0 0 0 0 0 0 0 0
0 0 0 0 0 0 1 0 0 0
0 0 0 0 0 0 0 0 0 0
0 0 0 0 0 0 0 0 0 0
0 0 0 0 0 0 0 0 0 0
0 2 0 0 0 0 0 0 1 0
1 0 1 1 0 1 0 0 1 0
2 2 0 2 0 1 3 1 2 2
1 1 2 0 4 2 0 0 1 1
1 0 0 1 0 0 1 0 4 0
0 0 0 0 0 0 0 0
