$SPEC_ID:
NIST2711a,1000s,40kV,01mA,2mm_thick
$COORDINATES:
XYZT
       53.310002       62.035002       34.082985      0.00000000
$MEAS_TIM:
       1000.0065       1024.5541
$ICR_&_OCR (normalised to 1s)
       223.72806       218.36523
$DATA:
0  2047
0 0 0 0 0 0 0 0 0 0
0 0 0 0 0 0 0 0 0 0
0 0 0 0 0 0 0 0 0 0
0 0 0 0 0 0 0 0 0 0
0 0 0 0 0 0 0 0 0 0
0 0 0 0 0 0 0 1 2 1
0 0 0 2 4 2 3 3 3 8
4 7 6 7 6 6 10 7 4 6
13 3 7 6 8 16 6 7 13 8
12 15 14 6 16 14 11 7 9 11
10 10 7 14 11 9 5 8 10 8
8 6 3 11 5 10 7 10 1 11
4 13 6 5 6 2 4 8 8 3
5 3 3 3 1 6 0 4 5 2
2 6 3 1 3 2 3 0 3 2
1 3 0 3 4 5 3 4 3 4
2 1 4 3 6 4 0 3 5 2
4 4 5 6 9 6 8 17 11 4
10 8 14 7 10 7 6 3 5 3
5 7 0 2 4 5 4 3 3 2
5 5 4 4 5 4 0 4 0 2
4 4 0 4 2 1 3 3 2 3
1 0 0 4 1 3 2 2 3 1
2 2 1 2 3 1 1 0 3 3
1 2 2 2 4 4 1 3 0 2
5 4 4 1 6 3 0 2 2 4
3 1 1 0 1 0 0 0 2 1
1 2 3 1 1 2 0 1 1 1
5 6 1 1 1 1 1 2 1 2
1 4 5 4 3 2 4 4 2 9
4 5 6 6 4 3 5 7 3 8
3 3 6 2 5 4 5 2 2 3
4 4 2 3 7 3 2 12 9 8
13 12 21 26 29 35 47 56 63 68
60 87 88 79 83 66 54 47 45 40
28 24 21 11 7 12 6 8 6 2
4 7 5 7 11 11 24 17 30 27
51 49 67 76 108 124 111 115 155 127
140 168 153 144 142 119 100 110 78 51
41 37 25 14 15 12 2 3 2 6
7 5 6 11 11 9 19 11 20 10
19 15 24 30 23 34 32 20 17 13
10 22 12 13 9 5 6 2 5 4
1 3 0 0 3 3 1 1 0 3
1 2 1 0 1 2 1 1 4 4
4 5 6 16 14 15 18 19 29 43
41 48 45 35 56 60 59 51 54 39
42 40 34 26 21 20 12 27 23 13
10 9 13 10 6 8 11 9 6 6
8 6 5 7 4 6 11 13 8 10
7 8 20 8 10 19 13 13 16 12
14 10 6 8 7 9 3 11 4 3
1 5 2 3 4 5 0 4 2 6
2 5 2 4 4 2 1 1 7 5
3 7 5 3 5 4 5 2 6 1
3 5 3 5 5 8 2 4 1 7
4 5 7 3 5 1 1 4 3 6
4 4 3 1 5 8 2 1 2 2
3 1 5 2 0 2 3 3 3 6
8 4 5 8 9 11 11 13 20 20
26 28 32 31 33 44 51 46 46 57
42 37 33 28 30 23 25 25 26 20
15 6 6 8 11 8 12 6 10 9
10 3 15 12 8 20 21 16 29 30
64 86 107 133 210 260 323 493 608 792
933 1121 1372 1535 1751 2036 2281 2356 2501 2592
2495 2527 2362 2312 2075 1918 1725 1444 1188 1038
872 672 524 393 332 226 179 119 84 78
36 40 24 18 13 12 15 6 12 9
8 9 5 6 5 8 11 11 9 9
10 12 17 12 10 17 21 24 25 22
41 46 51 77 98 108 149 141 202 242
285 289 354 362 368 418 431 446 439 412
409 350 380 366 299 234 207 168 148 98
85 73 54 43 34 23 14 9 13 11
4 4 5 4 3 2 0 1 2 8
3 7 3 2 3 5 7 6 3 4
6 6 3 3 7 4 3 9 4 3
1 2 6 2 1 0 3 1 3 2
1 0 0 1 4 1 2 1 3 0
3 2 4 0 1 1 0 3 2 4
2 5 5 5 5 8 10 8 21 15
19 29 17 31 22 25 24 34 39 30
33 28 32 22 24 28 13 26 25 12
11 12 6 5 8 5 4 5 8 6
3 1 3 4 5 1 1 1 1 1
0 2 2 5 1 2 3 3 6 6
12 16 13 14 16 25 39 42 44 73
50 75 84 88 108 113 137 135 156 139
137 131 136 117 135 129 102 91 58 52
66 56 41 35 21 27 14 20 14 9
8 10 8 8 7 6 6 9 10 9
7 8 9 6 7 12 4 5 7 5
5 6 6 11 9 12 5 21 14 9
17 27 19 23 26 30 30 26 22 25
21 27 27 24 26 24 21 18 14 10
12 14 8 8 13 10 4 9 5 11
4 7 10 8 14 13 10 11 18 21
22 24 24 22 30 21 24 18 25 22
22 22 13 14 14 18 13 17 12 15
14 6 7 6 6 2 1 4 1 3
2 6 2 4 1 3 4 2 5 1
8 6 7 9 4 6 7 6 2 2
7 8 2 3 3 9 3 2 3 10
4 3 2 6 2 3 3 9 2 2
8 5 10 13 8 13 12 11 12 21
19 25 19 27 33 56 38 77 80 80
120 127 148 185 198 261 303 341 372 378
391 447 443 526 474 502 553 566 559 525
483 442 445 457 375 365 309 269 257 197
179 161 137 95 82 67 55 33 30 31
15 16 15 5 3 10 5 9 8 4
2 6 5 6 5 7 7 3 5 3
4 3 0 1 2 1 4 2 3 4
1 2 4 3 3 7 6 8 3 6
7 2 7 7 6 4 5 16 12 11
5 9 12 14 10 13 13 12 21 16
13 19 11 8 10 10 10 7 3 7
8 5 8 8 8 7 6 6 5 3
6 5 7 2 8 4 16 11 9 8
9 9 11 17 13 19 13 19 16 20
19 17 17 16 13 18 14 14 15 19
20 15 7 8 8 13 6 10 8 12
12 18 8 5 6 9 8 12 13 11
7 14 7 15 14 13 10 18 14 15
19 19 18 16 25 25 22 17 20 31
23 35 30 36 34 33 40 34 34 39
36 37 36 45 28 39 46 62 41 66
68 66 96 113 135 164 177 205 233 251
326 340 369 375 419 467 452 461 467 470
512 519 484 449 408 410 395 344 337 304
303 239 203 218 185 143 142 126 79 93
89 65 61 62 61 54 52 35 45 39
46 37 42 38 30 35 37 34 22 32
29 19 26 26 30 25 29 22 23 20
26 18 18 22 20 24 27 32 27 46
32 37 46 59 52 70 81 83 90 96
107 135 97 136 132 132 136 152 118 149
125 137 134 113 107 126 88 90 71 67
63 68 62 46 38 34 21 30 22 14
12 10 11 9 9 16 6 9 7 3
8 7 1 4 9 6 9 4 7 4
7 6 9 8 9 6 3 7 16 14
21 25 27 16 42 39 55 58 62 71
78 100 107 134 138 147 186 198 206 220
228 273 284 256 239 304 297 316 297 260
285 267 255 204 210 211 192 187 168 118
113 96 90 77 64 57 50 33 40 37
22 22 17 14 11 14 17 7 11 11
18 14 20 10 19 15 17 16 17 17
24 18 23 31 31 29 33 41 57 54
49 53 73 66 88 100 82 94 93 127
108 118 91 99 121 124 95 117 118 101
109 91 121 112 110 73 96 109 87 93
93 93 81 75 71 82 71 73 73 66
68 64 60 61 57 60 55 54 50 48
53 49 61 50 52 51 51 46 48 31
35 40 45 39 30 35 22 36 37 40
29 34 42 35 25 27 37 33 22 40
25 27 36 30 29 28 38 37 37 34
41 39 29 34 47 47 45 67 40 49
47 51 46 54 62 68 66 66 70 71
78 82 93 85 88 88 93 109 122 106
112 119 97 99 110 107 97 81 97 92
105 107 93 113 83 111 110 100 96 117
99 99 99 106 105 117 115 128 106 125
115 122 124 126 143 150 140 160 172 149
140 167 156 172 180 194 173 216 228 207
222 224 232 268 254 265 307 317 309 321
341 357 379 393 429 434 488 505 496 544
569 543 573 590 608 660 660 690 733 739
767 840 777 854 915 889 897 1024 985 1020
1047 978 1019 1089 1139 1051 1174 1111 1081 1064
1105 1125 1122 1091 1045 1120 1064 1044 1008 989
973 957 965 910 889 880 880 811 781 767
769 689 691 657 621 572 609 589 538 464
541 495 465 421 403 387 390 435 380 392
399 398 375 437 427 505 490 511 565 570
634 701 727 778 777 854 952 996 1043 1152
1137 1141 1225 1234 1260 1293 1245 1328 1223 1288
1203 1164 1129 1057 1048 992 888 837 757 736
691 602 564 492 422 372 338 293 240 190
159 156 126 129 116 80 67 57 63 46
34 37 33 37 30 28 29 33 25 24
19 18 12 18 15 10 14 12 10 11
9 8 13 9 10 5 8 8 8 5
8 3 5 2 4 1 1 3 2 0
1 7 2 1 0 1 2 0 1 3
0 0 0 0 2 0 2 1 0 0
0 0 0 1 0 0 2 0 0 0
0 2 0 0 0 0 1 1 1 0
0 0 0 0 0 0 0 0 0 0
0 0 0 0 0 1 0 1 0 0
1 1 0 1 0 2 0 1 1 0
0 1 0 0 0 0 1 0 0 0
0 1 0 0 0 0 1 1 0 1
1 0 0 3 1 0 1 0 0 0
1 0 0 0 0 0 0 0 0 0
0 0 0 1 0 0 0 0 2 0
0 0 0 0 1 0 2 1 0 0
0 1 1 0 0 0 0 0 2 1
0 1 1 2 1 2 1 0 2 0
1 0 0 0 1 0 0 1 0 0
0 0 2 0 1 0 0 1 1 1
0 0 0 0 0 0 0 2
