$SPEC_ID:

$MCA_CAL:
2
-0.01809 0.00972

$DATA:
0	2047
1.23874     1.23909     1.23945     1.2398     1.24016     1.24052     1.24089     1.24126
1.24163     1.24201     1.24239     1.24277     1.24316     1.24355     1.24395     1.24435
1.24475     1.24515     1.24556     1.24598     1.24639     1.24681     1.24724     1.24767
1.2481     1.24854     1.24898     1.24943     1.24987     1.25033     1.25079     1.25125
1.25171     1.25219     1.25266     1.25314     1.25362     1.25411     1.25461     1.2551
1.25561     1.25611     1.25662     1.25714     1.25766     1.25819     1.25872     1.25926
1.2598     1.26034     1.26089     1.26145     1.26201     1.26258     1.26315     1.26373
1.26431     1.2649     1.26549     1.26609     1.2667     1.26731     1.26793     1.26855
1.26918     1.26981     1.27045     1.27109     1.27175     1.2724     1.27307     1.27374
1.27443     1.27513     1.27584     1.27659     1.27739     1.27828     1.27931     1.28057
1.28222     1.28448     1.28769     1.29236     1.29922     1.30927     1.3239     1.34489
1.37456     1.41573     1.4718     1.54664     1.64447     1.76971     1.92664     2.11904
2.34978     2.62042     2.93076     3.27855     3.65934     4.06647     4.49134     4.92379
5.35282     5.76725     6.15655     6.51161     6.82531     7.093     7.31259     7.48454
7.61148     7.69773     7.7487     7.77018     7.76782     7.74655     7.7103     7.66177
7.60247     7.53282     7.45241     7.36033     7.25551     7.13701     7.00433     6.85762
6.69775     6.52636     6.3458     6.15902     5.96936     5.78036     5.59558     5.4184
5.25187     5.09863     4.96078     4.83989     4.73701     4.65262     4.58671     4.53878
4.50786     4.49254     4.49103     4.50115     4.52046     4.54631     4.57593     4.60659
4.63573     4.66107     4.68078     4.69367     4.69932     4.69831     4.69245     4.685
4.68093     4.68708     4.71225     4.76708     4.86371     5.01514     5.23426     5.53261
5.91892     6.39756     6.96712     7.61926     8.33813     9.10044     9.87639     10.6314
11.3283     11.9306     12.4054     12.7261     12.875     12.8448     12.6394     12.2726
11.7674     11.1533     10.4635     9.73215     8.99157     8.27004     7.59029     6.96864
6.41487     5.93269     5.52062     5.17314     4.88193     4.63708     4.42816     4.24512
4.07894     3.9221     3.76884     3.61528     3.45928     3.30038     3.13942     2.97829
2.81956     2.66611     2.52082     2.3863     2.26467     2.15748     2.0656     1.98931
1.9283     1.88184     1.84891     1.82831     1.81878     1.81915     1.82837     1.84554
1.86997     1.90112     1.93855     1.98192     2.03087     2.08501     2.14383     2.20669
2.2728     2.34122     2.41087     2.48058     2.54915     2.61537     2.6781     2.73633
2.78917     2.8359     2.87594     2.90883     2.93421     2.95171     2.96099     2.96167
2.95332     2.93552     2.9079     2.87023     2.82254     2.76517     2.69889     2.62491
2.54487     2.46081     2.37503     2.28999     2.20812     2.1317     2.0627     2.00268
1.95273     1.91346     1.885     1.86706     1.85902     1.85997     1.86886     1.88454
1.90581     1.93153     1.96061     1.99211     2.02525     2.05948     2.09462     2.13094
2.16935     2.21159     2.2605     2.32023     2.39652     2.49685     2.63054     2.80869
3.0439     3.34978     3.74012     4.22782     4.82353     5.53419     6.36145     7.30021
8.33756     9.45209     10.614     11.786     12.9249     13.9842     14.9171     15.6801
16.2362     16.5581     16.6305     16.4515     16.033     15.3995     14.5864     13.6369
12.5995     11.5241     10.4597     9.45144     8.53978     7.75965     7.141     6.70994
6.49049     6.50655     6.78375     7.35085     8.24023     9.48742     11.1293     13.2007
15.7304     18.7353     22.2146     26.1442     30.4714     35.1122     39.9501     44.8387
49.6068     54.068     58.0313     61.3146     63.7584     65.2384     65.676     65.0447
63.3734     60.7434     57.2827     53.1556     48.5504     43.6661     38.6991     33.8322
29.2257     25.0122     21.2941     18.1451     15.6133     13.7271     12.5009     11.9423
12.0576     12.8564     14.3548     16.5758     19.5483     23.3031     27.8672     33.2559
39.4641     46.4568     54.1605     62.4557     71.1733     80.094     88.9533     97.4513
105.267     112.079     117.584     121.521     123.692     123.976     122.343     118.854
113.661     106.992     99.1353     90.4214     81.1951     71.7963     62.5386     53.6945
45.4842     38.0712     31.5618     26.0093     21.4219     17.7712     15.0018     13.04
11.8015     11.1967     11.1347     11.5255     12.2806     13.3132     14.5382     15.8719
17.2329     18.543     19.7296     20.7276     21.4826     21.9532     22.1129     21.9519
21.4767     20.7096     19.6864     18.4533     17.0638     15.5741     14.0401     12.5134
11.039     9.65315     8.38284     7.24537     6.24917     5.39499     4.67744     4.08675
3.61043     3.23489     2.94673     2.73389     2.58649     2.49747     2.46311     2.48337
2.56221     2.7078     2.93263     3.25359     3.69175     4.27199     5.02216     5.97188
7.15086     8.58664     10.3019     12.3116     14.6197     17.2161     20.0746     23.1508
26.382     29.6881     32.9745     36.1361     39.0631     41.6478     43.7916     45.4119
46.4484     46.8674     46.6645     45.8645     44.5195     42.7044     40.5111     38.041
35.3982     32.6822     29.9821     27.3722     24.9095     22.6328     20.5641     18.7102
17.0665     15.6201     14.354     13.2494     12.2889     11.4578     10.7452     10.1437
9.64914     9.25986     8.97542     8.79563     8.71956     8.74484     8.8671     9.0797
9.37363     9.7375     10.1577     10.6187     11.1032     11.5924     12.0667     12.506
12.8906     13.2019     13.423     13.5403     13.5437     13.4277     13.1918     12.8406
12.3838     11.8356     11.214     10.5396     9.83432     9.12027     8.41844     7.74765
7.12374     6.55904     6.0621     5.63781     5.28763     5.01008     4.80133     4.65584
4.56699     4.52765     4.53066     4.56919     4.63697     4.72847     4.83891     4.96421
5.10092     5.2461     5.39718     5.55184     5.70793     5.86338     6.01622     6.16448
6.30627     6.43978     6.56329     6.6752     6.77405     6.8585     6.92737     6.97962
7.01439     7.031     7.02902     7.00831     6.96909     6.912     6.83811     6.74897
6.64657     6.5333     6.41185     6.28506     6.15583     6.02696     5.90101     5.78021
5.66637     5.56088     5.46473     5.37852     5.30262     5.23727     5.18269     5.1393
5.10787     5.08973     5.08696     5.10261     5.141     5.20791     5.31089     5.4595
5.66552     5.94308     6.30868     6.78096     7.38035     8.12828     9.04617     10.154
11.4687     13.002     14.7587     16.7342     18.913     21.2672     23.756     26.3257
28.9112     31.4379     33.8254     35.9912     37.8558     39.3471     40.4055     40.9875
41.0691     40.6471     39.74     38.3858     36.6403     34.5727     32.2617     29.7901
27.2403     24.6903     22.2097     19.8581     17.6832     15.7217     14.0004     12.5391
11.3544     10.4653     9.89954     9.70156     9.94222     10.7301     12.2252     14.6538
18.3264     23.6556     31.1754     41.5585     55.63     74.3754     98.9379     130.603
170.766     220.879     282.378     356.587     444.602     547.163     664.521     796.305
941.415     1097.94     1263.12     1433.38     1604.4     1771.3     1928.8     2071.55
2194.38     2292.62     2362.42     2400.95     2406.64     2379.25     2319.92     2231.05
2116.17     1979.71     1826.69     1662.43     1492.26     1321.21     1153.81     993.894
844.508     707.846     585.28     477.423     384.227     305.113     239.097     184.93
141.21     106.486     79.3407     58.4495     42.617     30.7997     22.1114     15.8194
11.3319     8.18211     6.01019     4.54521     3.58857     2.99956     2.68336     2.58176
2.66632     2.93382     3.40371     4.11713     5.13713     6.54984     8.46578     11.0212
14.3784     18.7252     24.2718     31.2454     39.8822     50.415     63.0585     77.9915
95.336     115.137     137.34     161.777     188.148     216.02     244.826     273.876
302.385     329.5     354.342     376.054     393.845     407.046     415.14     417.808
414.94     406.647     393.253     375.275     353.386     328.378     301.111     272.465
243.297     214.394     186.446     160.02     135.552     113.34     93.5534     76.2442
61.3665     48.7964     38.3535     29.8212     22.9645     17.546     13.3365     10.1246
7.72086     5.96102     4.70609     3.84118     3.2733     2.92844     2.74855     2.68853
2.71352     2.79646     2.91625     3.05613     3.20261     3.34469     3.47335     3.58127
3.66273     3.71351     3.73095     3.71393     3.66278     3.57928     3.46641     3.3282
3.16947     2.9955     2.81176     2.62363     2.43613     2.25373     2.08016     1.91839
1.77053     1.63793     1.52121     1.42039     1.33505     1.26443     1.20762     1.16368
1.13176     1.11125     1.10185     1.1037     1.11744     1.14436     1.18644     1.24655
1.32853     1.43733     1.57918     1.7617     1.99398     2.28662     2.65164     3.1023
3.65274     4.31744     5.11051     6.04474     7.13051     8.37461     9.77892     11.3392
13.0442     14.8743     16.8021     18.7914     20.7988     22.7745     24.6641     26.4114
27.9607     29.2601     30.2641     30.9362     31.2518     31.1988     30.779     30.008
28.914     27.5362     25.9228     24.1277     22.2081     20.2211     18.2211     16.2577
14.3733     12.6025     10.9711     9.4963     8.18682     7.04424     6.06388     5.23622
4.54832     3.98512     3.53071     3.1694     2.88665     2.66977     2.50853     2.39558
2.32684     2.30185     2.32406     2.40118     2.54563     2.77492     3.11209     3.5862
4.23254     5.09282     6.21496     7.65244     9.46318     11.7077     14.4467     17.7375
21.6304     26.1643     31.3612     37.2221     43.7221     50.8063     58.3881     66.3474
74.5326     82.7628     90.8346     98.5288     105.62     111.889     117.13     121.166
123.859     125.112     124.883     123.181     120.069     115.659     110.108     103.605
96.3631     88.6083     80.5676     72.4587     64.4808     56.8076     49.582     42.9135
36.8779     31.5179     26.8467     22.8516     19.4989     16.7388     14.5104     12.7466
11.3777     10.3355     9.55551     8.97955     8.5568     8.24479     8.00981     7.82676
7.6788     7.5567     7.45796     7.38587     7.34831     7.35668     7.42461     7.56671
7.79742     8.12968     8.57388     9.13678     9.82058     10.6222     11.5328     12.5376
13.6159     14.7414     15.8834     17.0076     18.0776     19.0566     19.9091     20.6028
21.1105     21.4111     21.4911     21.3453     20.977     20.3978     19.627     18.69
17.6178     16.4446     15.2064     13.9395     12.6787     11.4567     10.3023     9.24094
8.29344     7.47671     6.80379     6.28433     5.92506     5.73032     5.70239     5.84181
6.14739     6.61614     7.24295     8.02022     8.93731     9.9801     11.1306     12.3666
13.6618     14.986     16.3058     17.5854     18.7879     19.8767     20.8172     21.5784
22.1342     22.4653     22.5598     22.4138     22.0321     21.4272     20.6194     19.6349
18.505     17.2639     15.9476     14.5917     13.23     11.8934     10.6087     9.39808
8.27854     7.2621     6.35598     5.56308     4.88261     4.31082     3.84172     3.46778
3.18061     2.9714     2.83142     2.75224     2.72596     2.74524     2.80331     2.89389
3.01114     3.14948     3.30352     3.468     3.63772     3.80753     3.97242     4.12752
4.2683     4.39066     4.49107     4.56671     4.61564     4.63682     4.6302     4.59672
4.53827     4.45761     4.35825     4.24427     4.12025     3.99103     3.86163     3.73712
3.62262     3.5233     3.44447     3.39178     3.37152     3.39098     3.45901     3.58658
3.78758     4.07961     4.48503     5.03201     5.75571     6.69953     7.91641     9.47011
11.4365     13.9043     16.9765     20.7702     25.4168     31.0608     37.8588     45.9759
55.582     66.8461     79.9293     94.9761     112.104     131.394     152.874     176.514
202.207     229.765     258.907     289.261     320.358     351.644     382.489     412.204
440.068     465.35     487.346     505.405     518.965     527.58     530.947     528.917
521.513     508.924     491.498     469.731     444.235     415.712     384.922     352.646
319.655     286.677     254.372     223.311     193.964     166.693     141.748     119.275
99.3274     81.8728     66.8126     53.996     43.2354     34.3209     27.0327     21.1513
16.4664     12.7822     9.92185     7.72902     6.06885     4.82732     3.9099     3.23969
2.75522     2.40832     2.16184     1.98771     1.86515     1.77908     1.71884     1.67711
1.64907     1.63171     1.62327     1.62293     1.63042     1.64589     1.66973     1.7025
1.74484     1.7975     1.86128     1.93713     2.02606     2.12928     2.24816     2.38425
2.53933     2.71537     2.91451     3.13898     3.39106     3.67291     3.98644     4.33313
4.71379     5.12839     5.5758     6.0536     6.55788     7.08319     7.62241     8.16687
8.70647     9.22993     9.72513     10.1796     10.5811     10.9179     11.1796     11.3579
11.4465     11.4417     11.343     11.1527     10.8762     10.5217     10.0996     9.62268
9.10488     8.56127     8.00728     7.4582     6.92873     6.4326     5.98228     5.58877
5.26148     5.00822     4.83516     4.74687     4.74638     4.83518     5.01325     5.27898
5.62919     6.05898     6.56172     7.12894     7.75039     8.41402     9.10617     9.81181
10.5148     11.1986     11.8463     12.4416     12.9695     13.4164     13.7712     14.0254
14.1737     14.2138     14.147     13.9777     13.7131     13.363     12.9393     12.4553
11.9252     11.3635     10.7844     10.2015     9.62733     9.07327     8.5492     8.06357
7.62346     7.23468     6.90192     6.62896     6.41879     6.27386     6.19611     6.1871
6.24803     6.37977     6.58276     6.85705     7.20216     7.61714     8.10048     8.65022
9.26402     9.93924     10.6732     11.4633     12.3071     13.2029     14.1491     15.1448
16.1896     17.2828     18.4239     19.6113     20.8422     22.1121     23.4138     24.7375
26.0703     27.3963     28.697     29.952     31.1405     32.2424     33.2406     34.123
34.8853     35.5335     36.0867     36.5793     37.064     37.6131     38.3202     39.301
40.6933     42.6557     45.3654     49.0153     53.8086     59.9532     67.6537     77.1024
88.4695     101.892     117.461     135.212     155.113     177.057     200.853     226.223
252.803     280.148     307.739     335.001     361.317     386.054     408.585     428.318
444.717     457.335     465.826     469.965     469.662     464.96     456.034     443.184
426.818     407.427     385.57     361.841     336.844     311.172     285.378     259.964
235.363     211.931     189.941     169.589     150.991     134.198     119.201     105.944
94.3319     84.2482     75.5587     68.1225     61.7984     56.4498     51.9482     48.1751
45.0226     42.3935     40.2006     38.3657     36.8188     35.4973     34.3451     33.3129
32.3576     31.4429     30.5395     29.6257     28.6874     27.7192     26.7237     25.7122
24.704     23.7262     22.813     22.0052     21.3485     20.8933     20.693     20.8029
21.2788     22.1755     23.5453     25.436     27.8893     30.9386     34.6072     38.9057
43.8304     49.3613     55.4602     62.0701     69.114     76.4957     84.1002     91.7962
99.4382     106.871     113.934     120.465     126.308     131.32     135.37     138.354
140.189     140.826     140.247     138.464     135.525     131.506     126.51     120.663
114.109     107.002     99.5017     91.7687     83.9561     76.2069     68.6486     61.3913
54.5249     48.1185     42.2205     36.8597     32.0467     27.7765     24.0307     20.7806
17.9898     15.6168     13.6176     11.9476     10.5632     9.42351     8.49079     7.73143
7.11612     6.61993     6.22227     5.90661     5.66025     5.474     5.34196     5.26128
5.23213     5.25766     5.34413     5.50119     5.74225     6.08487     6.55137     7.16935
7.97227     8.99996     10.299     11.923     13.9325     16.3945     19.3819     22.9723
27.2457     32.283     38.1624     44.9563     52.7274     61.5244     71.3775     82.2941
94.2544     107.208     121.07     135.72     151.001     166.721     182.655     198.546
214.118     229.076     243.119     255.949     267.281     276.852     284.435     289.842
292.937     293.641     291.932     287.851     281.495     273.019     262.626     250.56
237.097     222.535     207.179     191.339     175.309     159.368     143.766     128.721
114.414     100.99     88.554     77.1731     66.8814     57.6821     49.5522     42.4478
36.3084     31.0624     26.6314     22.9342     19.8903     17.4225     15.4597     13.9378
12.8015     12.0043     11.5091     11.2878     11.3211     11.598     12.1143     12.8726
13.8803     15.1486     16.6912     18.5226     20.6563     23.1033     25.8702     28.9573
32.3577     36.0549     40.0227     44.2239     48.6104     53.1237     57.6957     62.2502
66.7055     70.9767     74.9789     78.6304     81.8562     84.5912     86.7829     88.3942
89.4044     89.8107     89.628     88.8882     87.6382     85.9379     83.8572     81.4725
78.8634     76.1091     73.2854     70.4617     67.6991     65.0485     62.5499     60.2325
58.1146     56.2052     54.5048     53.0075     51.7023     50.5754     49.6111     48.7936
48.1078     47.5399     47.078     46.7116     46.4319     46.2309     46.101     46.0347
46.0235     46.0577     46.1265     46.2172     46.3157     46.4068     46.4745     46.5026
46.4753     46.3783     46.1989     45.9269     45.5554     45.0807     44.5027     43.8249
43.0546     42.2021     41.2803     40.3046     39.2918     38.2596     37.2258     36.208
35.2226     34.2845     33.4068     32.6007     31.875     31.2362     30.6889     30.2356
29.8774     29.6138     29.4432     29.3635     29.3718     29.4655     29.6416     29.8979
30.2321     30.6431     31.13     31.693     32.3332     33.0525     33.8541     34.742
35.7218     36.7998     37.984     39.2833     40.7077     42.2682     43.9762     45.8436
47.8818     50.1011     52.5106     55.1165     57.922     60.9259     64.1221     67.499
71.0386     74.7164     78.5013     82.356     86.2374     90.0978     93.8857     97.5481
101.032     104.285     107.26     109.915     112.216     114.138     115.665     116.794
117.532     117.899     117.923     117.642     117.103     116.357     115.462     114.474
113.451     112.449     111.519     110.706     110.051     109.584     109.33     109.306
109.522     109.979     110.676     111.603     112.751     114.105     115.649     117.37
119.251     121.279     123.443     125.733     128.143     130.669     133.31     136.066
138.942     141.942     145.075     148.348     151.771     155.355     159.112     163.053
167.19     171.538     176.109     180.918     185.98     191.311     196.928     202.848
209.092     215.679     222.631     229.972     237.727     245.92     254.579     263.733
273.41     283.642     294.459     305.894     317.978     330.744     344.226     358.455
373.462     389.28     405.937     423.462     441.878     461.209     481.473     502.684
524.85     547.974     572.052     597.07     623.007     649.832     677.502     705.964
735.151     764.984     795.372     826.21     857.379     888.749     920.176     951.507
982.577     1013.21     1043.23     1072.45     1100.68     1127.73     1153.42     1177.54
1199.94     1220.42     1238.83     1255.03     1268.87     1280.23     1289.02     1295.15
1298.56     1299.22     1297.1     1292.22     1284.61     1274.32     1261.43     1246.03
1228.26     1208.26     1186.18     1162.22     1136.55     1109.4     1080.99     1051.55
1021.33     990.575     959.554     928.529     897.774     867.567     838.19     809.933
783.09     757.963     734.855     714.079     695.949     680.78     668.888     660.584
656.169     655.929     660.129     669.003     682.745     701.505     725.373     754.373
788.454     827.481     871.229     919.376     971.504     1027.09     1085.52     1146.07
1207.94     1270.25     1332.06     1392.36     1450.12     1504.3     1553.86     1597.81
1635.2     1665.18     1687     1700.04     1703.83     1698.06     1682.63     1657.6
1623.23     1579.96     1528.4     1469.33     1403.67     1332.43     1256.71     1177.66
1096.46     1014.24     932.115     851.099     772.125     696.004     623.42     554.92
490.914     431.678     377.362     327.997     283.518     243.77     208.53     177.524
150.438     126.938     106.679     89.3198     74.5271     61.9858     51.4029     42.5098
35.0649     28.8531     23.6858     19.3986     15.8501     12.9197     10.5048     8.51896
6.88946     5.55548     4.46624     3.57933     2.85944     2.27717     1.80802     1.4316
1.13097     0.892041     0.70313     0.554577     0.438414     0.348096     0.278273     0.224593
0.183538     0.152281     0.128569     0.110616     0.0970188     0.0866829     0.0787638     0.0726145
0.0677455     0.0637908     0.0604811     0.057622     0.0550775     0.0527557     0.0505992     0.0485757
0.0466721     0.0448889     0.0432359     0.0417287     0.0403855     0.0392254     0.0382654     0.0375197
0.0369978     0.0367042     0.0366376     0.036791     0.0371519     0.0377032     0.0384236     0.0392895
0.0402758     0.0413577     0.0425122     0.0437192     0.0449634     0.0462344     0.0475285     0.0488481
0.0502021     0.051605     0.0530766     0.0546401     0.0563204     0.0581427     0.0601303     0.0623021
0.0646714     0.0672433     0.070014     0.0729695     0.0760849     0.0793247     0.0826434     0.0859867
0.0892931     0.0924967     0.0955291     0.0983232     0.100816     0.102952     0.104686     0.105988
0.106843     0.107255     0.107251     0.106877     0.106207     0.105333     0.104373     0.103466
0.10277     0.102461     0.102729     0.103773     0.105797     0.109005     0.113596     0.119754
0.127646     0.13741     0.149152     0.162937     0.178781     0.196648     0.216445     0.238017
0.261148     0.285562     0.310922     0.336841     0.362887     0.388593     0.413471     0.437027
0.458771     0.478237     0.494999     0.508683     0.518979     0.525655     0.528564     0.527647
0.522935     0.514549     0.502692     0.48764     0.469734     0.449366     0.426963     0.402973
0.377853     0.352051     0.325997     0.300089     0.274688     0.250108     0.226614     0.204422
0.183695     0.164548     0.147049     0.131227     0.117074     0.10455     0.0935929     0.0841184
0.0760288     0.0692162     0.0635668     0.0589643     0.0552932     0.0524408     0.0502999     0.0487702
0.0477596     0.0471857     0.0469765     0.0470713     0.0474209     0.0479883     0.0487487     0.0496892
0.0508085     0.0521163     0.0536323     0.0553852     0.0574113     0.0597525     0.0624552     0.065568
0.06914     0.0732185     0.0778474     0.0830651     0.0889026     0.0953822     0.102515     0.110301
0.118725     0.12776     0.137361     0.147469     0.158007     0.168883     0.179987     0.191197
0.202373     0.213367     0.224017     0.234157     0.243617     0.252228     0.259823     0.26625
0.271365     0.275046     0.277194     0.277736     0.276627     0.273856     0.269443     0.263442
0.255939     0.247047     0.236909     0.225688     0.213564     0.20073     0.187385     0.173727
