$SPEC_ID:

$MCA_CAL:
2
-0.01809 0.00972

$DATA:
0	2047
1.30343     1.3038     1.30418     1.30457     1.30495     1.30534     1.30574     1.30613
1.30653     1.30694     1.30735     1.30776     1.30817     1.30859     1.30902     1.30944
1.30988     1.31031     1.31075     1.31119     1.31164     1.31209     1.31255     1.31301
1.31348     1.31395     1.31442     1.3149     1.31538     1.31587     1.31636     1.31685
1.31736     1.31786     1.31837     1.31889     1.31941     1.31993     1.32046     1.32099
1.32153     1.32208     1.32263     1.32318     1.32374     1.32431     1.32488     1.32545
1.32603     1.32662     1.32721     1.32781     1.32841     1.32902     1.32963     1.33025
1.33088     1.33151     1.33215     1.33279     1.33344     1.3341     1.33476     1.33543
1.3361     1.33678     1.33747     1.33816     1.33886     1.33957     1.34028     1.34101
1.34174     1.34248     1.34325     1.34404     1.34488     1.34579     1.34683     1.34808
1.34966     1.35179     1.35477     1.35907     1.36534     1.37453     1.3879     1.40716
1.43448     1.47258     1.52474     1.59478     1.68693     1.8057     1.95559     2.14079
2.36476     2.62982     2.93673     3.28437     3.66949     4.08663     4.52826     4.98509
5.44651     5.90128     6.33819     6.74673     7.1178     7.44413     7.72068     7.94473
8.11586     8.23571     8.30767     8.33643     8.32749     8.28678     8.22016     8.13315
8.0306     7.91661     7.79438     7.66632     7.53408     7.39875     7.26104     7.12144
6.98041     6.8385     6.69637     6.55485     6.41485     6.27731     6.14312     6.01301
5.88755     5.76711     5.6519     5.54202     5.43752     5.33852     5.24523     5.15801
5.07733     5.00376     4.93791     4.88032     4.8314     4.79139     4.7603     4.73795
4.72399     4.71798     4.71955     4.72853     4.74517     4.77034     4.80583     4.85462
4.92117     5.01163     5.13401     5.29806     5.51504     5.79701     6.15589     6.60217
7.14327     7.78191     8.51445     9.32961     10.2078     11.1209     12.0338     12.9058
13.6934     14.354     14.8494     15.1491     15.2333     15.0947     14.7394     14.1861
13.4646     12.6127     11.6732     10.6901     9.7054     8.75627     7.87291     7.07742
6.38342     5.79645     5.31492     4.93148     4.63455     4.40986     4.24191     4.11524
4.01545     3.92995     3.84846     3.76327     3.66924     3.56367     3.44595     3.31719
3.17974     3.03676     2.89174     2.7482     2.60942     2.47819     2.35679     2.24692
2.14975     2.06595     1.99584     1.93941     1.89642     1.86651     1.8492     1.84398
1.8503     1.86762     1.89541     1.93308     1.98006     2.03568     2.09918     2.16969
2.24615     2.32735     2.41191     2.49827     2.58477     2.66968     2.75128     2.82791
2.89807     2.96047     3.01406     3.05804     3.09188     3.11524     3.12792     3.12985
3.12103     3.10151     3.07138     3.03085     2.98028     2.92024     2.85161     2.77559
2.69368     2.60773     2.51978     2.43203     2.34662     2.26561     2.19078     2.12353
2.06488     2.0154     1.97521     1.94406     1.9214     1.90643     1.89824     1.89585
1.8983     1.90471     1.91435     1.92667     1.94136     1.95842     1.97823     2.00167
2.03034     2.06669     2.11431     2.17818     2.26494     2.38306     2.54299     2.75706
3.03922     3.40447     3.86796     4.44383     5.14369     5.97489     6.93883     8.02931
9.2312     10.5198     11.8608     13.2114     14.5219     15.7391     16.8093     17.6822
18.3153     18.677     18.7494     18.5301     18.0325     17.2846     16.3271     15.2103
13.9905     12.726     11.4742     10.2887     9.21733     8.30183     7.57773     7.07572
6.82345     6.84764     7.17605     7.83912     8.87064     10.3073     12.187     14.5453
17.4107     20.7994     24.7081     29.1083     33.9406     39.1114     44.4917     49.92
55.2077     60.1494     64.5349     68.1636     70.8601     72.4875     72.9594     72.2471
70.3824     67.4559     63.6091     59.0241     53.9091     48.4846     42.968     37.5615
32.4427     27.7581     23.621     20.1125     17.2854     15.1703     13.7826     13.1293
13.2162     14.0526     15.6546     18.0461     21.2577     25.3219     30.2676     36.111
42.8463     50.4355     58.7985     67.8057     77.2733     86.9631     96.5875     105.82
114.313     121.716     127.699     131.979     134.339     134.648     132.873     129.081
123.436     116.185     107.643     98.1673     88.1334     77.91     67.8379     58.2126
49.2733     41.1966     34.0974     28.0327     23.0105     18.9987     15.936     13.7415
12.3227     11.582     11.4207     11.7417     12.4501     13.4539     14.6633     15.9908
17.3517     18.6652     19.8565     20.8587     21.6158     22.0854     22.2402     22.0699
21.5809     20.7957     19.7505     18.4924     17.0758     15.5581     13.9964     12.4436
10.9457     9.54017     8.25478     7.10748     6.10708     5.25445     4.54412     3.96599
3.50713     3.15336     2.89069     2.70647     2.59038     2.5351     2.53693     2.59621
2.7177     2.91084     3.18999     3.57444     4.08827     4.75985     5.62097     6.70548
8.0473     9.67791     11.6233     13.9007     16.5146     19.4542     22.6897     26.1712
29.828     33.5698     37.29     40.8704     44.1876     47.1207     49.5596     51.4123
52.6118     53.1216     52.9377     52.0891     50.6351     48.66     46.2668     43.5684
40.6803     37.7117     34.7599     31.9051     29.2079     26.7085     24.4282     22.3724
20.5338     18.8973     17.4435     16.1526     15.0071     13.9932     13.1021     12.3293
11.6745     11.1395     10.7278     10.4425     10.2853     10.2557     10.3502     10.562
10.8808     11.293     11.7818     12.3277     12.9085     13.5005     14.0783     14.6162
15.0891     15.4731     15.7471     15.8939     15.9011     15.762     15.4764     15.0504
14.4963     13.8319     13.0795     12.2644     11.4132     10.5526     9.70747     8.90001
8.14852     7.46693     6.86456     6.34621     5.91262     5.56104     5.28604     5.08026
4.93525     4.84212     4.79221     4.77749     4.79088     4.82647     4.87951     4.94642
5.02463     5.11241     5.20869     5.31283     5.42445     5.5432     5.66868     5.80022
5.9369     6.07735     6.21983     6.36212     6.50157     6.63513     6.75943     6.87091
6.96593     7.04096     7.09284     7.1189     7.11725     7.08692     7.02798     6.94161
6.83011     6.69675     6.54564     6.38152     6.20944     6.03449     5.86158     5.69512
5.53891     5.39598     5.26855     5.15809     5.06537     4.99064     4.93382     4.89475
4.87344     4.87036     4.88673     4.92488     4.98854     5.08317     5.21633     5.39793
5.64049     5.95926     6.37221     6.89982     7.56454     8.38999     9.39981     10.6161
12.0574     13.7367     15.6594     17.8205     20.203     22.7765     25.4964     28.3041
31.1285     33.8883     36.4958     38.8613     40.898     42.5277     43.6855     44.3243
44.4182     43.964     42.9818     41.5136     39.6201     37.3771     34.8703     32.1899
29.4261     26.6635     23.9782     21.435     19.0858     16.9703     15.1174     13.5479
12.2791     11.33     10.7285     10.5197     10.776     11.6086     13.1823     15.7308
19.5746     25.141     32.9825     43.7955     58.4349     77.921     103.438     136.318
178.005     230.005     293.803     370.77     462.042     568.383     690.052     826.663
977.074     1139.3     1310.49     1486.92     1664.13     1837.05     2000.21     2148.07
2275.27     2376.97     2449.18     2488.98     2494.73     2466.2     2404.56     2312.31
2193.12     2051.56     1892.85     1722.51     1546.06     1368.71     1195.17     1029.41
874.568     732.932     605.92     494.163     397.612     315.663     247.296     191.211
145.955     110.023     81.9447     60.3454     43.986     31.7843     22.8219     16.3392
11.7231     8.4901     6.26751     4.77495     3.80701     3.21827     2.91087     2.8249
2.93132     3.22726     3.7334     4.49299     5.57215     7.06106     9.07545     11.7579
15.2785     19.8337     25.6437     32.9466     41.9896     53.0167     66.253     81.8859
100.043     120.772     144.017     169.601     197.21     226.391     256.55     286.965
316.815     345.204     371.214     393.945     412.572     426.389     434.861     437.648
434.637     425.944     411.909     393.072     370.138     343.938     315.371     285.36
254.802     224.521     195.24     167.555     141.922     118.652     97.9239     79.7926
64.2103     51.0475     40.1156     31.1879     24.0187     18.3593     13.9702     10.6298
8.13997     6.32858     5.05002     4.18381     3.63227     3.31747     3.17806     3.1661
3.24417     3.38298     3.55925     3.75425     3.95261     4.14156     4.31054     4.45086
4.55574     4.62021     4.64122     4.61764     4.55019     4.44135     4.29515     4.1169
3.91286     3.68986     3.45491     3.21488     2.97613     2.74427     2.52399     2.31896
2.13179     1.9641     1.81662     1.68936     1.58177     1.49292     1.42171     1.36702
1.32787     1.30353     1.29367     1.29842     1.31846     1.35513     1.41052     1.48758
1.59023     1.72354     1.89379     2.10869     2.37738     2.71053     3.12023     3.61981
4.22348     4.94576     5.80076     6.80121     7.95733     9.27556     10.7573     12.3975
14.1838     16.0955     18.1032     20.1692     22.2476     24.2866     26.2295     28.0179
29.5941     30.9045     31.9025     32.5511     32.8254     32.7141     32.2202     31.3608
30.1664     28.6787     26.9485     25.0324     22.9903     20.8815     18.7629     16.6856
14.6936     12.8226     11.099     9.54057     8.15623     6.94755     5.90977     5.03321
4.30468     3.70887     3.2296     2.85093     2.558     2.3378     2.17973     2.07601
2.02211     2.017     2.06356     2.16889     2.34477     2.60806     2.98118     3.49258
4.177     5.07563     6.23589     7.71084     9.55794     11.8373     14.6091     17.9302
21.8506     26.4081     31.6245     37.4998     44.0085     51.095     58.672     66.619
74.7839     82.986     91.0217     98.6726     105.714     111.928     117.111     121.088
123.72     124.916     124.634     122.885     119.734     115.296     109.726     103.216
95.9781     88.2383     80.2229     72.1484     64.2124     56.5871     49.4135     42.7994
36.8186     31.5122     26.8918     22.9435     19.6324     16.9079     14.7086     12.9669
11.6132     10.5793     9.8012     9.2211     8.78886     8.46281     8.21012     8.00668
7.83671     7.6921     7.57152     7.4794     7.42482     7.42027     7.48044     7.62088
7.8568     8.20177     8.66653     9.25797     9.97812     10.8235     11.7844     12.845
13.9832     15.1714     16.3769     17.5635     18.6928     19.7262     20.6264     21.3594
21.8965     22.2157     22.3028     22.1523     21.7676     21.1609     20.3523     19.3687
18.2425     17.0096     15.7079     14.3755     13.0493     11.7635     10.5487     9.43157
8.43417     7.57426     6.8655     6.31789     5.93829     5.73094     5.69785     5.83916
6.15318     6.63632     7.28286     8.08453     9.03005     10.1046     11.2896     12.5621
13.8951     15.2578     16.6159     17.933     19.1713     20.2937     21.2647     22.0525
22.6307     22.9793     23.0861     22.947     22.5667     21.958     21.1413     20.1435
18.9963     17.7347     16.3954     15.0148     13.6276     12.2653     10.9555     9.72081
8.57876     7.5417     6.61706     5.80783     5.11321     4.52933     4.04999     3.66742
3.37288     3.15722     3.01135     2.92647     2.89433     2.90724     2.95816     3.04059
3.14851     3.27627     3.41848     3.56999     3.72581     3.88111     4.03128     4.17198
4.29925     4.40964     4.50031     4.56913     4.61483     4.63699     4.6361     4.61354
4.5715     4.51289     4.44123     4.36046     4.27483     4.18874     4.10666     4.033
3.97218     3.92862     3.90691     3.91204     3.94971     4.02676     4.15171     4.33541
4.59181     4.93882     5.39935     6.00241     6.7843     7.78995     9.07422     10.7033
12.7559     15.3245     18.5161     22.453     27.2723     33.1254     40.1762     48.598
58.5697     70.2694     83.8673     99.5166     117.343     137.432     159.818     184.47
211.28     240.053     270.496     302.221     334.739     367.469     399.752     430.867
460.057     486.555     509.623     528.576     542.825     551.902     555.484     553.417
545.721     532.592     514.397     491.651     464.994     435.163     402.952     369.181
334.654     300.136     266.317     233.797     203.068     174.508     148.381     124.841
103.942     85.652     69.8681     56.4326     45.1496     35.7995     28.1526     21.9797
17.0607     13.1911     10.186     7.88196     6.13821     4.83555     3.87523     3.17687
2.67625     2.32295     2.0781     1.91226     1.80356     1.7361     1.69854     1.68305
1.68438     1.69915     1.72533     1.76178     1.80798     1.86379     1.92929     2.00467
2.09015     2.18598     2.29242     2.40971     2.53818     2.6782     2.8303     2.99513
3.1736     3.36682     3.57611     3.80304     4.04931     4.31671     4.60693     4.92149
5.26145     5.62726     6.01852     6.43372     6.87013     7.32358     7.78842     8.25754
8.72242     9.1734     9.59995     9.99107     10.3358     10.6236     10.8453     10.9928
11.0605     11.045     10.9455     10.7641     10.5055     10.1771     9.78847     9.35109
8.87794     8.38285     7.8801     7.38391     6.90799     6.46521     6.06733     5.7248
5.44662     5.24032     5.11194     5.06602     5.10563     5.23235     5.44627     5.74592
6.12821     6.58832     7.11963     7.71368     8.36012     9.04683     9.76001     10.4845
11.204     11.9018     12.561     13.1652     13.6995     14.1503     14.5068     14.7607
14.9068     14.9434     14.872     14.6973     14.427     14.0711     13.6418     13.1525
12.6175     12.0514     11.4684     10.882     10.3046     9.74737     9.22011     8.73115
8.28749     7.89492     7.55824     7.28136     7.06756     6.91961     6.83988     6.8304
6.89292     7.0288     7.23905     7.52419     7.88421     8.31851     8.82589     9.40461
10.0524     10.7667     11.5448     12.384     13.2818     14.2361     15.2452     16.3081
17.4239     18.5919     19.8111     21.0796     22.3943     23.7501     25.1392     26.5511
27.9721     29.3854     30.7715     32.109     33.3761     34.5517     35.618     36.5625
37.3808     38.0794     38.6784     39.214     39.7415     40.3367     41.0979     42.1463
43.6261     45.7033     48.5636     52.4088     57.4514     63.909     71.9953     81.9114
93.835     107.909     124.228     142.829     163.678     186.661     211.577     238.134
265.952     294.563     323.423     351.928     379.434     405.276     428.799     449.38
466.463     479.577     488.362     492.583     492.147     487.1     477.627     464.043
446.777     426.345     403.334     378.365     352.076     325.085     297.976     271.273
245.432     220.826     197.741     176.382     156.873     139.264     123.546     109.658
97.5014     86.9511     77.865     70.0937     63.4875     57.9016     53.2     49.2573
45.9598     43.2054     40.9029     38.971     37.3375     35.9382     34.7162     33.6216
32.6113     31.649     30.7058     29.7601     28.7984     27.8151     26.8131     25.8035
24.8053     23.8453     22.9573     22.1814     21.563     21.152     21.0016     21.1669
21.704     22.6679     24.1117     26.0841     28.6281     31.7786     35.5604     39.986
45.0533     50.7438     57.0209     63.8282     71.0893     78.7076     86.5671     94.5344
102.461     110.189     117.551     124.381     130.518     135.809     140.119     143.336
145.372     146.172     145.712     144.002     141.086     137.041     131.969     125.998
119.276     111.96     104.217     96.2122     88.1058     80.0473     72.1712     64.5939
57.4114     50.6983     44.5078     38.8726     33.8065     29.3068     25.3568     21.9286
18.9862     16.4878     14.3887     12.6431     11.206     10.0347     9.08985     8.33569
7.74089     7.27846     6.92573     6.66415     6.47907     6.35949     6.29783     6.28978
6.33425     6.43346     6.59305     6.82248     7.13536     7.55006     8.09023     8.78549
9.67201     10.7931     12.1996     13.9503     16.1116     18.7572     21.9674     25.8278
30.4271     35.8545     42.1969     49.5352     57.9395     67.4649     78.1466     89.9947
102.99     117.079     132.172     148.14     164.813     181.983     199.403     216.797
233.86     250.272     265.703     279.824     292.323     302.911     311.334     317.385
320.914     321.827     320.1     315.773     308.949     299.795     288.532     275.424
260.773     244.903     228.15     210.851     193.331     175.895     158.818     142.34
126.663     111.944     98.3001     85.8076     74.5044     64.395     55.4555     47.638
40.8772     35.0949     30.2054     26.1196     22.7491     20.0092     17.8212     16.1143
14.8269     13.907     13.3125     13.0113     12.9806     13.2061     13.6815     14.4072
15.3892     16.6373     18.1642     19.9838     22.1088     24.55     27.3134     30.3995
33.8008     37.5009     41.4736     45.6815     50.0767     54.6007     59.1853     63.7548
68.2275     72.5188     76.5442     80.2227     83.4797     86.251     88.4848     90.1448
91.2114     91.6828     91.5747     90.92     89.7662     88.1739     86.2132     83.9606
81.4954     78.8963     76.2381     73.5889     71.0083     68.5453     66.2381     64.1133
62.1873     60.4665     58.9495     57.6281     56.4896     55.5186     54.698     54.0112
53.4423     52.9773     52.604     52.3123     52.0938     51.9412     51.8479     51.8069
51.8109     51.8513     51.918     51.9993     52.0821     52.1518     52.1932     52.1907
52.1291     51.9944     51.7744     51.4596     51.0433     50.5225     49.8976     49.173
48.3568     47.4602     46.4976     45.4857     44.4427     43.3882     42.3416     41.3224
40.3488     39.4375     38.6033     37.8586     37.2135     36.6753     36.2492     35.9377
35.7415     35.6595     35.6889     35.8262     36.0669     36.406     36.8388     37.3604
37.9666     38.6537     39.4188     40.26     41.1765     42.1687     43.238     44.3875
45.6214     46.9454     48.3666     49.8933     51.5351     53.3026     55.2072     57.2604
59.4736     61.8573     64.4205     67.1698     70.1086     73.236     76.5463     80.0282
83.664     87.4293     91.2933     95.2187     99.1622     103.076     106.908     110.605
114.113     117.381     120.361     123.01     125.296     127.194     128.69     129.781
130.479     130.803     130.787     130.47     129.904     129.142     128.244     127.27
126.28     125.331     124.475     123.758     123.219     122.889     122.79     122.938
123.34     123.995     124.9     126.043     127.414     128.996     130.774     132.734
134.863     137.148     139.582     142.158     144.873     147.728     150.726     153.871
157.171     160.634     164.269     168.085     172.093     176.301     180.719     185.355
190.216     195.309     200.642     206.222     212.055     218.151     224.517     231.166
238.109     245.361     252.939     260.863     269.155     277.839     286.943     296.497
306.532     317.082     328.184     339.874     352.19     365.172     378.858     393.287
408.497     424.526     441.408     459.177     477.864     497.494     518.091     539.671
562.247     585.821     610.391     635.945     662.459     689.9     718.223     747.369
777.267     807.832     838.963     870.547     902.455     934.545     966.663     998.642
1030.31     1061.47     1091.94     1121.53     1150.02     1177.23     1202.96     1227.02
1249.22     1269.4     1287.39     1303.05     1316.25     1326.88     1334.86     1340.11
1342.59     1342.29     1339.2     1333.35     1324.8     1313.63     1299.92     1283.8
1265.41     1244.9     1222.45     1198.25     1172.49     1145.4     1117.18     1088.08
1058.32     1028.15     997.802     967.541     937.618     908.292     879.831     852.509
826.605     802.41     780.22     760.341     743.086     728.773     717.722     710.254
706.681     707.302     712.397     722.218     736.975     756.832     781.895     812.199
847.702     888.273     933.689     983.624     1037.65     1095.23     1155.72     1218.4
1282.41     1346.86     1410.74     1473.03     1532.66     1588.53     1639.56     1684.73
1723.05     1753.62     1775.67     1788.55     1791.79     1785.06     1768.25     1741.44
1704.88     1659.05     1604.6     1542.33     1473.2     1398.27     1318.7     1235.68
1150.44     1064.17     978.013     893.051     810.246     730.446     654.362     582.564
515.479     453.393     396.46     344.714     298.083     256.406     219.448     186.921
158.498     133.829     112.554     94.3143     78.7627     65.5698     54.429     45.0597
37.2092     30.6527     25.1928     20.6577     16.8994     13.7915     11.2266     9.11407
7.37773     5.95371     4.78862     3.8379     3.06438     2.43708     1.93016     1.52211
1.19503     0.934012     0.726692     0.56283     0.433973     0.333168     0.254722     0.193997
0.147239     0.111421     0.0841244     0.063425     0.0478043     0.0360713     0.0272986     0.020769
0.0159314     0.0123653     0.00975225     0.00785244     0.00648686     0.00552302     0.00486394     0.00443969
0.00420096     0.00411421     0.00415799     0.00432022     0.00459613     0.00498669     0.00549739     0.00613727
0.006918     0.00785315     0.00895738     0.0102457     0.0117325     0.0134309     0.0153516     0.0175021
0.0198858     0.0225009     0.0253397     0.0283881     0.0316248     0.0350211     0.0385411     0.0421417
0.0457735     0.0493813     0.0529061     0.0562857     0.0594573     0.0623588     0.0649314     0.067121
0.0688806     0.070172     0.0709668     0.0712482     0.0710112     0.0702633     0.0690241     0.0673249
0.0652079     0.0627247     0.0599353     0.0569062     0.0537093     0.0504199     0.0471157     0.0438759
0.04078     0.0379081     0.0353401     0.033157     0.0314404     0.0302743     0.0297455     0.0299448
0.0309675     0.032914     0.0358898     0.0400048     0.0453719     0.0521049     0.0603152     0.0701078
0.0815768     0.094799     0.109829     0.12669     0.145372     0.165821     0.187936     0.211564
0.236497     0.262475     0.28918     0.316247     0.343267     0.369795     0.395364     0.419496
0.441715     0.461566     0.478626     0.492521     0.50294     0.509646     0.512484     0.511388
0.506382     0.497581     0.485187     0.469478     0.450801     0.429559     0.406196     0.38118
0.354993     0.32811     0.300991     0.274066     0.247724     0.222309     0.198113     0.175374
0.154273     0.134941     0.117456     0.101853     0.0881261     0.076236     0.0661161     0.0576785
0.0508194     0.0454245     0.041373     0.0385414     0.0368062     0.0360457     0.0361418     0.0369802
0.0384516     0.0404511     0.0428786     0.0456386     0.0486406     0.0517984     0.055031     0.0582629
0.0614245     0.0644526     0.0672914     0.0698933     0.0722189     0.0742381     0.0759299     0.0772829
0.0782949     0.0789721     0.0793291     0.0793873     0.079174     0.0787215     0.0780652     0.0772427
0.0762923     0.0752524     0.0741595     0.0730483     0.0719505     0.0708944     0.0699045     0.0690013
0.0682011     0.0675159     0.0669534     0.0665167     0.0662047     0.0660118     0.0659277     0.0659381
0.0660243     0.0661634     0.0663291     0.0664921     0.0666203     0.0666803     0.0666382     0.0664604
0.0661153     0.065574     0.064812     0.0638097     0.0625538     0.0610374     0.059261     0.0572323
