$SPEC_ID:

$MCA_CAL:
2
-0.01809 0.00972

$DATA:
0	2047
1.29959     1.29997     1.30035     1.30073     1.30112     1.30151     1.30191     1.30231
1.30272     1.30312     1.30353     1.30395     1.30437     1.30479     1.30522     1.30565
1.30609     1.30652     1.30697     1.30742     1.30787     1.30832     1.30878     1.30925
1.30972     1.31019     1.31067     1.31115     1.31163     1.31213     1.31262     1.31312
1.31363     1.31414     1.31465     1.31517     1.31569     1.31622     1.31676     1.3173
1.31784     1.31839     1.31894     1.3195     1.32007     1.32064     1.32121     1.32179
1.32238     1.32297     1.32357     1.32417     1.32478     1.32539     1.32601     1.32663
1.32727     1.3279     1.32855     1.32919     1.32985     1.33051     1.33118     1.33185
1.33253     1.33322     1.33391     1.33461     1.33532     1.33603     1.33675     1.33748
1.33822     1.33897     1.33975     1.34056     1.34142     1.34238     1.34348     1.34483
1.34658     1.34897     1.35236     1.35727     1.36448     1.37502     1.39036     1.41238
1.44352     1.48679     1.54583     1.62483     1.72847     1.86172     2.02957     2.23673
2.48717     2.78371     3.1276     3.51813     3.95235     4.42495     4.92832     5.45274
5.98683     6.51811     7.03367     7.52088     7.96817     8.3656     8.70546     8.98259
9.19455     9.34164     9.42661     9.45432     9.4312     9.36461     9.26224     9.13145
8.97883     8.80974     8.62816     8.43667     8.23661     8.02839     7.8119     7.58698
7.3538     7.11324     6.86706     6.61795     6.36948     6.12578     5.89129     5.67034
5.4668     5.28375     5.12329     4.98639     4.87296     4.78187     4.71125     4.65862
4.62127     4.59642     4.58149     4.57427     4.573     4.57646     4.58392     4.59515
4.61026     4.62969     4.65408     4.6843     4.72144     4.76699     4.82304     4.89264
4.98013     5.09148     5.23459     5.41926     5.65703     5.96048     6.3423     6.81379
7.38322     8.05395     8.82266     9.67797     10.5996     11.5583     12.5171     13.4333
14.261     14.9553     15.4757     15.7899     15.8769     15.7291     15.3526     14.7675
14.0052     13.1059     12.1149     11.0791     10.0431     9.04619     8.12053     7.2894
6.56705     5.95903     5.46328     5.07158     4.77115     4.54645     4.38064     4.25707
4.16031     4.07701     3.99644     3.91074     3.81492     3.70666     3.58597     3.45463
3.31571     3.17299     3.03042     2.89174     2.76014     2.63807     2.52717     2.42835
2.34184     2.26743     2.20461     2.15277     2.11135     2.07991     2.05822     2.04622
2.04401     2.05172     2.06948     2.09731     2.13499     2.18208     2.23785     2.30123
2.37092     2.44536     2.52283     2.6015     2.67953     2.75513     2.82665     2.89265
2.95192     3.00354     3.04688     3.08155     3.10742     3.12452     3.13298     3.13297
3.12469     3.1083     3.08394     3.05175     3.01194     2.96482     2.9109     2.85089
2.78577     2.71676     2.64527     2.57287     2.50119     2.4318     2.3662     2.30563
2.25112     2.20338     2.1628     2.1295     2.10331     2.08383     2.07049     2.06261
2.05944     2.06026     2.0644     2.07134     2.08078     2.09273     2.10765     2.12653
2.15118     2.18437     2.2301     2.29392     2.38311     2.50695     2.67679     2.90595
3.20944     3.6033     4.10371     4.72562     5.48122     6.37811     7.41742     8.59211
9.8856     11.2711     12.7115     14.1607     15.5658     16.8695     18.0148     18.9482
19.6249     20.0115     20.0899     19.858     19.3307     18.5384     17.5247     16.343
15.0528     13.7154     12.3905     11.1334     9.99265     9.01012     8.22075     7.65412
7.33647     7.29295     7.54992     8.1366     9.08597     10.4343     12.2194     14.4771
17.2368     20.5155     24.3111     28.5964     33.3135     38.3706     43.6407     48.9642
54.155     59.01     63.3214     66.8911     69.5456     71.1495     71.6173     70.9205
69.0904     66.2159     62.4364     57.931     52.905     47.5749     42.1547     36.8432
31.8146     27.2126     23.148     19.6996     16.9183     14.8331     13.4572     12.7961
12.8532     13.635     15.1549     17.4334     20.4972     24.3756     29.094     34.6662
41.0853     48.3137     56.2745     64.8436     73.8459     83.0546     92.1965     100.962
109.02     116.039     121.705     125.751     127.971     128.241     126.53     122.903
117.515     110.603     102.466     93.4446     83.8956     74.1704     64.5939     55.4479
46.9607     39.3019     32.5821     26.8573     22.1369     18.3923     15.5671     13.5858
12.3617     11.8023     11.8135     12.3015     13.1736     14.3383     15.7053     17.1853
18.6911     20.1385     21.449     22.5523     23.3892     23.9147     24.1004     23.9354
23.4269     22.599     21.4909     20.1529     18.6432     17.0232     15.3538     13.6912
12.0845     10.5735     9.18757     7.94571     6.85726     5.92322     5.13787     4.49073
3.96836     3.55607     3.23936     3.00519     2.84286     2.74472     2.70677     2.72904
2.81593     2.97648     3.22453     3.57874     4.06246     4.7032     5.53182     6.58115
7.88407     9.47109     11.3673     13.5893     16.1413     19.0122     22.1729     25.5744
29.1473     32.8033     36.4379     39.9353     43.1747     46.0376     48.4158     50.2187
51.3806     51.865     51.6675     50.816     49.368     47.406     45.0307     42.3531
39.4865     36.5389     33.6065     30.7688     28.0863     25.5995     23.3302     21.2842
19.455     17.8275     16.3825     15.1001     13.9621     12.9541     12.0664     11.2937
10.6347     10.0909     9.66541     9.36126     9.18061     9.12354     9.18746     9.36663
9.65198     10.0311     10.4886     11.006     11.5624     12.135     12.6995     13.2313
13.7059     14.1004     14.3942     14.5704     14.6168     14.5265     14.2987     13.9387
13.4574     12.8713     12.2008     11.4695     10.7023     9.92408     9.1584     8.42622
7.74495     7.12793     6.58416     6.11836     5.73136     5.42062     5.18098     5.00538
4.88563     4.81312     4.77938     4.77659     4.79789     4.83755     4.89109     4.95524
5.02779     5.10747     5.19371     5.28643     5.38584     5.49224     5.60584     5.72661
5.8542     5.98782     6.1262     6.26759     6.40972     6.54988     6.68495     6.81156
6.92617     7.0253     7.10568     7.16447     7.19945     7.20916     7.19307     7.15158
7.08604     6.99865     6.89233     6.77056     6.63707     6.49573     6.35023     6.204
6.06001     5.92078     5.78829     5.6641     5.54941     5.44518     5.35231     5.2718
5.20494     5.15352     5.12003     5.10792     5.12184     5.16789     5.25392     5.38978
5.58752     5.86155     6.2286     6.70757     7.31908     8.08473     9.02604     10.1631
11.5126     13.0864     14.8887     16.9146     19.148     21.5603     24.1097     26.7414
29.3889     31.9765     34.422     36.6415     38.5538     40.0857     41.176     41.7805
41.8744     41.4544     40.539     39.167     37.3951     35.2939     32.9437     30.429
27.8344     25.2394     22.7156     20.324     18.1138     16.1228     14.3788     12.9022
11.7107     10.8242     10.2715     10.099     10.38     11.2271     12.8054     15.3486
19.177     24.7162     32.5164     43.2709     57.8298     77.2077     102.582     135.276
176.726     228.426     291.854     368.371     459.104     564.812     685.751     821.537
971.034     1132.27     1302.4     1477.74     1653.85     1825.68     1987.81     2134.73
2261.1     2362.14     2433.87     2473.37     2479.05     2450.66     2389.36     2297.65
2179.17     2038.47     1880.73     1711.44     1536.08     1359.85     1187.39     1022.67
868.817     728.086     601.891     490.859     394.939     313.529     245.616     189.908
144.96     109.275     81.3921     59.9457     43.7038     31.5914     22.6956     16.262
11.6814     8.47355     6.26845     4.78773     3.82753     3.24361     2.93902     2.85445
2.96124     3.25668     3.76135     4.51811     5.59242     7.07338     9.07524     11.7387
15.2312     19.7466     25.5016     32.7305     41.6765     52.5797     65.6613     81.1053
99.0371     119.502     142.445     167.691     194.93     223.714     253.457     283.45
312.878     340.863     366.497     388.894     407.241     420.842     429.17     431.891
428.894     420.294     406.426     387.823     365.182     339.321     311.129     281.515
251.363     221.486     192.599     165.287     140     117.046     96.5999     78.7163
63.348     50.3671     39.5876     30.7861     23.7205     18.1458     13.826     10.5431
8.10194     6.33339     5.09415     4.26574     3.75201     3.47615     3.3775     3.4084
3.53135     3.7166     3.94015     4.18229     4.42653     4.6589     4.8676     5.04282
5.17677     5.26374     5.30017     5.28473     5.21824     5.10355     4.94534     4.74975
4.524     4.27596     4.01367     3.74494     3.47698     3.21608     2.96742     2.735
2.52157     2.32874     2.15715     2.0066     1.87632     1.76517     1.67184     1.59511
1.53392     1.48759     1.45588     1.4391     1.4382     1.4548     1.49136     1.55119
1.63861     1.7591     1.91938     2.12759     2.39335     2.72778     3.14344     3.65416
4.27459     5.01969     5.90393     6.94032     8.13919     9.50695     11.0447     12.7469
14.6004     16.5834     18.6652     20.8063     22.9592     25.0699     27.0799     28.9288
30.557     31.9095     32.9382     33.6056     33.8863     33.769     33.2575     32.37
31.1382     29.6057     27.825     25.855     23.7574     21.5934     19.4215     17.2943
15.2568     13.3455     11.5872     9.99958     8.59147     7.36392     6.31146     5.42354
4.68608     4.08282     3.59668     3.21088     2.90988     2.68012     2.51063     2.39345
2.32403     2.30155     2.32921     2.41464     2.57024     2.81362     3.16808     3.663
4.33416     5.22382     6.38058     7.85865     9.71675     12.0162     14.8182     18.181
22.1552     26.7796     32.0763     38.0454     44.6609     51.8665     59.5734     67.6591
75.9687     84.3185     92.5015     100.295     107.471     113.807     119.096     123.159
125.855     127.092     126.824     125.066     121.881     117.387     111.742     105.14
97.7982     89.9472     81.8172     73.6291     65.5847     57.8594     50.5975     43.909
37.8692     32.5203     27.8737     23.9149     20.6077     17.8996     15.7268     14.0191
12.704     11.7103     10.971     10.4255     10.0212     9.71427     9.47008     9.26324
9.07711     8.90319     8.74012     8.59268     8.47056     8.38706     8.35779     8.39935
8.52797     8.75826     9.10202     9.56718     10.1569     10.8688     11.6946     12.6198
13.624     14.6812     15.761     16.8291     17.8494     18.7853     19.6016     20.2662
20.752     21.0379     21.1104     20.9642     20.6022     20.0356     19.2829     18.369
17.324     16.1813     14.976     13.7436     12.5184     11.3322     10.2138     9.18824
8.27653     7.49589     6.85996     6.3792     6.06142     5.91215     5.93503     6.13197
6.50315     7.04682     7.75886     8.63235     9.65691     10.8182     12.0972     13.4705
14.9096     16.3817     17.85     19.2754     20.6168     21.8339     22.8882     23.7451
24.3756     24.7579     24.8785     24.7328     24.3259     23.6714     22.7915     21.7151
20.4767     19.114     17.6669     16.1747     14.6748     13.2015     11.7845     10.4482
9.21164     8.08798     7.08525     6.20662     5.45117     4.81467     4.29039     3.86986
3.54364     3.30186     3.13468     3.03267     2.98698     2.98947     3.0327     3.10991
3.21488     3.3419     3.48558     3.64081     3.80271     3.96659     4.12796     4.28259
4.4266     4.55653     4.66947     4.76315     4.83601     4.88728     4.917     4.92599
4.91583     4.88873     4.84751     4.79537     4.73585     4.67268     4.6097     4.5508
4.49996     4.46128     4.43916     4.43852     4.4651     4.52593     4.62985     4.78813
5.01525     5.32977     5.75532     6.32171     7.06614     8.03447     9.28253     10.8775
12.8991     15.4408     18.6106     22.5315     27.3414     33.1924     40.2489     48.6847
58.6786     70.4088     84.0453     99.7411     117.621     137.77     160.223     184.945
211.829     240.677     271.197     302.998     335.589     368.389     400.737     431.909
461.147     487.685     510.78     529.751     544.006     553.076     556.64     554.544
546.809     533.633     515.382     492.575     465.853     435.954     403.675     369.835
335.243     300.662     266.786     234.214     203.438     174.838     148.678     125.11
104.19     85.8843     70.09     56.6489     45.3643     36.0159     28.3733     22.2065
17.2947     13.4327     10.4347     8.13686     6.39766     5.09742     4.13695     3.43554
2.92872     2.56595     2.30833     2.12651     1.99878     1.90949     1.84767     1.80588
1.77934     1.76516     1.76184     1.7688     1.78609     1.81414     1.85358     1.90516
1.96967     2.04785     2.14045     2.24818     2.37175     2.5119     2.66941     2.84518
3.04021     3.25565     3.4928     3.75307     4.03792     4.34882     4.68707     5.05369
5.44921     5.87343     6.32528     6.80253     7.30162     7.81756     8.34382     8.87236
9.39374     9.89735     10.3717     10.8051     11.1855     11.5019     11.7444     11.9046
11.9767     11.9571     11.8454     11.644     11.3582     10.9963     10.5686     10.0878
9.56792     9.02398     8.47135     7.92532     7.40059     6.91089     6.4687     6.08506
5.76942     5.52964     5.37196     5.30103     5.31995     5.43029     5.6321     5.92384
6.30235     6.76277     7.29844     7.90085     8.55964     9.26264     9.99603     10.7445
11.4918     12.221     12.9149     13.5569     14.1316     14.6252     15.0261     15.3254
15.5173     15.5993     15.5721     15.4396     15.2084     14.888     14.4896     14.0261
13.5111     12.9588     12.3832     11.7977     11.215     10.6465     10.1027     9.59262
9.1243     8.70464     8.33963     8.03451     7.79386     7.62172     7.52165     7.49677
7.54969     7.68247     7.89651     8.19247     8.57016     9.02851     9.56552     10.1784
10.8634     11.6167     12.4335     13.3095     14.2404     15.2222     16.2517     17.3265
18.4446     19.6045     20.805     22.0442     23.3195     24.6267     25.9592     27.3081
28.6614     30.004     31.3185     32.5852     33.7839     34.895     35.9019     36.7929
37.5642     38.2225     38.7877     39.2958     39.8016     40.3801     41.1286     42.1676
43.6403     45.7119     48.5674     52.4078     57.4456     63.8979     71.9784     81.8886
93.8065     107.875     124.191     142.791     163.641     186.63     211.558     238.132
265.974     294.614     323.512     352.061     379.617     405.514     429.096     449.74
466.887     480.063     488.907     493.183     492.795     487.787     478.345     464.781
447.523     427.089     404.065     379.075     352.755     325.727     298.577     271.832
245.95     221.305     198.188     176.806     157.285     139.677     123.975     110.12
98.0145     87.5326     78.5328     70.8651     64.3786     58.9267     54.3712     50.5837
47.4474     44.8565     42.7158     40.9402     39.4534     38.1873     37.0817     36.0835
35.1471     34.2346     33.316     32.3694     31.3818     30.349     29.276     28.1762
27.0721     25.9936     24.9781     24.0693     23.316     22.7713     22.491     22.5326
22.9536     23.8102     25.1559     27.039     29.5017     32.5775     36.2891     40.6467
45.6457     51.2647     57.4642     64.1853     71.3491     78.8571     86.5919     94.4194
102.192     109.75     116.932     123.573     129.514     134.608     138.726     141.758
143.623     144.27     143.681     141.869     138.882     134.797     129.719     123.777
117.116     109.892     102.268     94.4059     86.4623     78.5818     70.8942     63.5111
56.524     50.0034     43.9987     38.5395     33.6369     29.2862     25.4693     22.1573
19.3136     16.8966     14.8617     13.164     11.7592     10.6059     9.66568     8.90429
8.29176     7.80251     7.4153     7.113     6.88234     6.71368     6.60071     6.54035
6.53266     6.58088     6.69163     6.87519     7.1459     7.52268     8.02963     8.69662
9.55993     10.6628     12.0558     13.7972     15.9528     18.5954     21.8044     25.6639
30.2611     35.6839     42.0172     49.34     57.7205     67.2119     77.8472     89.6349
102.554     116.55     131.532     147.37     163.894     180.896     198.132     215.326
232.178     248.368     263.572     277.466     289.74     300.111     308.331     314.198
317.564     318.341     316.508     312.106     305.242     296.083     284.849     271.803
257.246     241.498     224.893     207.763     190.431     173.195     156.329     140.069
124.61     110.109     96.6797     84.3947     73.2902     63.3691     54.6057     46.9515
40.34     34.6926     29.9232     25.9425     22.6622     19.9975     17.8701     16.2094
14.9543     14.0533     13.4648     13.1575     13.1092     13.3064     13.7438     14.4225
15.3492     16.535     17.9934     19.739     21.7858     24.1452     26.8244     29.8246
33.1396     36.7541     40.6427     44.7695     49.0876     53.5399     58.0595     62.572
66.9969     71.2511     75.251     78.9167     82.1745     84.9605     87.2235     88.927
90.0511     90.5933     90.5683     90.0074     88.9568     87.4749     85.6299     83.4961
81.1503     78.669     76.1249     73.584     71.1039     68.7323     66.5059     64.4507
62.5822     60.9071     59.4238     58.125     56.9989     56.0312     55.2066     54.5099
53.9272     53.4464     53.0572     52.7514     52.5221     52.3634     52.2699     52.2354
52.2529     52.3139     52.408     52.5227     52.6437     52.7552     52.8404     52.8818
52.8626     52.7671     52.5814     52.2945     51.8986     51.3896     50.7677     50.0368
49.2052     48.2845     47.2898     46.2385     45.1501     44.045     42.944     41.8677
40.8352     39.8642     38.9702     38.1664     37.463     36.8677     36.3856     36.0192
35.7688     35.6326     35.6076     35.6892     35.8723     36.151     36.5198     36.9729
37.5054     38.113     38.7923     39.5414     40.3594     41.2471     42.2069     43.2429
44.3609     45.5684     46.8747     48.2906     49.828     51.5003     53.321     55.3039
57.4624     59.8081     62.3511     65.098     68.0518     71.2105     74.567     78.1074
81.8117     85.6526     89.5963     93.6025     97.6251     101.614     105.515     109.273
112.835     116.146     119.162     121.839     124.146     126.06     127.569     128.673
129.383     129.721     129.721     129.424     128.881     128.147     127.279     126.338
125.381     124.464     123.638     122.946     122.427     122.111     122.018     122.165
122.558     123.198     124.082     125.202     126.546     128.102     129.859     131.802
133.921     136.206     138.65     141.249     144.001     146.905     149.965     153.184
156.567     160.122     163.854     167.772     171.882     176.191     180.706     185.432
190.376     195.543     200.94     206.574     212.453     218.586     224.985     231.662
238.634     245.918     253.535     261.509     269.866     278.633     287.842     297.525
307.717     318.454     329.772     341.708     354.301     367.586     381.602     396.383
411.963     428.376     445.651     463.816     482.894     502.905     523.866     545.786
568.67     592.516     617.313     643.044     669.68     697.185     725.509     754.591
784.36     814.731     845.604     876.869     908.401     940.066     971.714     1003.19
1034.32     1064.93     1094.85     1123.88     1151.83     1178.53     1203.78     1227.4
1249.23     1269.09     1286.83     1302.31     1315.42     1326.03     1334.07     1339.47
1342.18     1342.17     1339.44     1334.01     1325.92     1315.23     1302.04     1286.43
1268.55     1248.53     1226.53     1202.73     1177.32     1150.5     1122.48     1093.48
1063.74     1033.5     1003     972.499     942.254     912.536     883.621     855.794
829.347     804.583     781.815     761.362     743.551     728.714     717.185     709.295
705.369     705.715     710.619     720.337     735.085     755.027     780.267     810.838
846.691     887.689     933.601     984.09     1038.72     1096.93     1158.08     1221.42
1286.1     1351.2     1415.71     1478.58     1538.75     1595.1     1646.56     1692.08
1730.69     1761.48     1783.67     1796.63     1799.86     1793.07     1776.14     1749.13
1712.34     1666.22     1611.44     1548.81     1479.28     1403.94     1323.93     1240.47
1154.78     1068.06     981.471     896.078     812.858     732.661     656.2     584.05
516.639     454.255     397.053     345.066     298.223     256.363     219.249     186.593
158.066     133.316     111.981     93.7013     78.1264     64.9249     53.7882     44.4336
36.6064     30.0798     24.6548     20.1579     16.4398     13.373     10.849     8.77639
7.07832     5.69047     4.5591     3.63947     2.89429     2.29258     1.80857     1.42088
1.11174     0.866474     0.672904     0.521007     0.402539     0.310749     0.240134     0.186227
0.145427     0.11484     0.0921595     0.0755541     0.0635788     0.0550992     0.0492289     0.045278
0.0427118     0.0411175     0.0401773     0.0396483     0.0393458     0.0391313     0.0389032     0.038589
0.0381407     0.0375299     0.0367445     0.0357862     0.0346676     0.0334107     0.0320445     0.0306033
0.0291249     0.0276493     0.0262165     0.024866     0.0236348     0.0225567     0.0216611     0.0209724
0.0205092     0.0202841     0.0203032     0.020566     0.0210653     0.0217878     0.0227137     0.0238179
0.0250702     0.0264359     0.0278772     0.0293538     0.0308241     0.0322466     0.0335807     0.0347884
0.0358354     0.0366921     0.0373348     0.0377465     0.0379177     0.0378466     0.0375399     0.0370121
0.0362859     0.0353916     0.0343666     0.0332546     0.0321049     0.0309717     0.0299132     0.0289911
0.0282695     0.0278148     0.027695     0.0279793     0.0287379     0.0300415     0.0319613     0.0345682
0.0379327     0.0421239     0.0472089     0.053251     0.0603088     0.068434     0.077669     0.0880448
0.0995779     0.112268     0.126093     0.141009     0.156947     0.173809     0.191467     0.209763
0.228511     0.247495     0.266473     0.285183     0.303343     0.320665     0.336855     0.351628
0.364708     0.375848     0.384826     0.391464     0.395626     0.39723     0.396244     0.392694
0.386661     0.378278     0.367724     0.355222     0.341027     0.325419     0.308696     0.29116
0.273111     0.25484     0.236618     0.218692     0.20128     0.184568     0.16871     0.153823
0.139993     0.127275     0.115693     0.10525     0.0959242     0.0876773     0.0804569     0.0741995
0.0688342     0.0642851     0.0604737     0.0573215     0.0547511     0.0526885     0.0510636     0.0498124
0.0488771     0.0482079     0.0477632     0.0475107     0.047428     0.0475026     0.0477321     0.0481244
0.0486963     0.0494736     0.0504888     0.0517801     0.0533892     0.0553591     0.0577313     0.0605437
0.0638274     0.0676048     0.0718868     0.076671     0.0819404     0.0876617     0.0937857     0.100247
0.106964     0.113843     0.120778     0.127652     0.134345     0.140731     0.146688     0.152097
0.156845     0.160833     0.163974     0.1662     0.167459     0.16772     0.166972     0.165223
0.162502     0.158856     0.154349     0.14906     0.143077     0.1365     0.129434     0.121988
0.114271     0.106392     0.098452     0.0905489     0.0827711     0.0751975     0.067897     0.060927
