$SPEC_ID:

$MCA_CAL:
2
-0.01809 0.00972

$DATA:
0	2047
1.29507     1.29545     1.29583     1.29621     1.2966     1.29699     1.29739     1.29778
1.29819     1.29859     1.299     1.29942     1.29983     1.30025     1.30068     1.30111
1.30154     1.30198     1.30242     1.30287     1.30332     1.30377     1.30423     1.30469
1.30516     1.30563     1.3061     1.30658     1.30707     1.30756     1.30805     1.30855
1.30905     1.30956     1.31007     1.31059     1.31111     1.31164     1.31217     1.31271
1.31325     1.31379     1.31435     1.3149     1.31547     1.31603     1.31661     1.31718
1.31777     1.31836     1.31895     1.31955     1.32016     1.32077     1.32138     1.32201
1.32264     1.32327     1.32391     1.32456     1.32521     1.32587     1.32653     1.3272
1.32788     1.32856     1.32925     1.32995     1.33065     1.33136     1.33208     1.33281
1.33354     1.33429     1.33506     1.33586     1.3367     1.33762     1.33866     1.33992
1.34152     1.34366     1.34666     1.35097     1.35727     1.36648     1.37989     1.3992
1.42661     1.46489     1.51741     1.58813     1.68151     1.8024     1.95581     2.1466
2.3791     2.65668     2.98135     3.35332     3.77069     4.22926     4.72243     5.24143
5.77556     6.31274     6.84013     7.34481     7.81454     8.23843     8.60751     8.91522
9.15761     9.33347     9.44422     9.49364     9.48745     9.43285     9.33793     9.21109
9.06052     8.89371     8.71707     8.53568     8.35318     8.17183     7.99261     7.8155
7.63981     7.46449     7.28848     7.11094     6.93152     6.75049     6.56875     6.38787
6.21001     6.03781     5.87423     5.72237     5.5853     5.46581     5.3662     5.28808
5.23217     5.1982     5.1848     5.18957     5.20918     5.23961     5.27644     5.31522
5.35182     5.3828     5.40576     5.41955     5.42452     5.42258     5.41735     5.41421
5.42029     5.44448     5.49736     5.59092     5.73822     5.95266     6.24707     6.63243
7.11638     7.70166     8.38457     9.15375     9.98949     10.8638     11.7415     12.5818
13.3414     13.9776     14.452     14.7338     14.803     14.6521     14.2866     13.7252
12.9975     12.1411     11.199     10.2152     9.23189     8.28614     7.40809     6.61956
5.93375     5.35558     4.88281     4.50735     4.21696     3.99681     3.8311     3.70427
3.60213     3.51255     3.426     3.33568     3.23756     3.1301     3.01387     2.89112
2.76517     2.63998     2.51955     2.40762     2.3073     2.2209     2.14981     2.09458
2.05495     2.03001     2.01839     2.01843     2.02836     2.04644     2.07109     2.10099
2.13512     2.17276     2.21349     2.25717     2.30383     2.35361     2.40668     2.46312
2.52285     2.58558     2.65072     2.71739     2.78445     2.85053     2.9141     2.97361
3.02757     3.07463     3.1137     3.14396     3.1649     3.17629     3.17812     3.17054
3.15384     3.12834     3.09443     3.05252     3.00311     2.94681     2.88442     2.81692
2.74553     2.67165     2.59682     2.52269     2.45084     2.38278     2.31976     2.26279
2.21254     2.16938     2.13335     2.10423     2.08159     2.06488     2.05348     2.04676
2.04416     2.04523     2.04964     2.05726     2.06819     2.08278     2.10176     2.12633
2.15834     2.20045     2.25644     2.33141     2.4321     2.56709     2.7469     2.98399
3.29244     3.68745     4.1844     4.79764     5.53897     6.41588     7.42972     8.57402
9.8331     11.1813     12.5831     13.994     15.3625     16.633     17.7496     18.66
19.3197     19.6957     19.7693     19.5378     19.015     18.2302     17.2254     16.053
14.7711     13.4403     12.1196     10.8639     9.72226     8.73663     7.94264     7.37068
7.04788     7.00032     7.25525     7.84271     8.79635     10.153     11.9509     14.2262
17.0083     20.3141     24.1411     28.4618     33.2176     38.3157     43.6281     48.9939
54.2259     59.1195     63.4657     67.0651     69.7432     71.3642     71.842     71.1481
69.3144     66.4305     62.6369     58.114     53.0686     47.7189     42.2804     36.9535
31.914     27.3067     23.2434     19.8041     17.0404     14.9814     13.6408     13.024
13.1342     13.9775     15.5665     17.9209     21.0664     25.0309     29.8384     35.5014
42.0113     49.329     57.376     66.0266     75.104     84.3798     93.5794     102.391
110.484     117.522     123.194     127.23     129.424     129.653     127.886     124.189
118.72     111.718     103.484     94.3615     84.7098     74.8825     65.2063     55.9641
47.385     39.638     32.8329     27.0244     22.2195     18.3874     15.4691     13.3868
12.0514     11.3691     11.2448     11.5849     12.2981     13.2952     14.4893     15.7958
17.1327     18.4214     19.5895     20.572     21.315     21.7772     21.9326     21.7714
21.3004     20.5416     19.5306     18.3132     16.9425     15.4743     13.9637     12.4618
11.013     9.65313     8.40858     7.29628     6.32433     5.49324     4.79745     4.2271
3.76968     3.41162     3.13961     2.94171     2.80826     2.73247     2.71102     2.74441
2.83734     2.99894     3.24292     3.58769     4.05611     4.6751     5.47474     6.48701
7.74386     9.27491     11.1045     13.2485     15.7111     18.4815     21.5313     24.813
28.2597     31.7858     35.2906     38.6624     41.7848     44.5439     46.8357     48.5736
49.6946     50.1642     49.9791     49.1665     47.7825     45.9069     43.6369     41.0792
38.3427     35.5309     32.7357     30.0328     27.4796     25.1142     22.9571     21.0131
19.2757     17.7306     16.3594     15.1434     14.0657     13.1129     12.2762     11.5508
10.9353     10.4306     10.0388     9.76142     9.59897     9.54964     9.60898     9.76971
10.0216     10.3519     10.7452     11.1843     11.6503     12.123     12.5818     13.0058
13.3749     13.6705     13.876     13.978     13.9673     13.8388     13.5927     13.234
12.7728     12.2235     11.6037     10.9339     10.2353     9.52945     8.83646     8.17431
7.558     6.99906     6.50536     6.08118     5.72749     5.4424     5.22177     5.05978
4.94957     4.8838     4.8551     4.85651     4.88174     4.92531     4.98273     5.05043
5.12575     5.20682     5.29247     5.38201     5.47515     5.57178     5.67185     5.77523
5.88159     5.9903     6.10037     6.21039     6.31851     6.42247     6.51964     6.60716
6.68199     6.74118     6.78196     6.80198     6.79948     6.77348     6.72383     6.65132
6.55766     6.44538     6.31772     6.17841     6.03148     5.88101     5.73091     5.58474
5.44555     5.31584     5.19748     5.09177     4.99957     4.92133     4.85738     4.808
4.77373     4.75553     4.75508     4.77501     4.81918     4.893     5.00374     5.16082
5.37603     5.66377     6.04103     6.52725     7.14392     7.9138     8.85986     10.0038
11.3643     12.9549     14.7815     16.8408     19.1176     21.5838     24.1975     26.9029
29.6319     32.3065     34.8418     37.1506     39.1483     40.7582     41.9163     42.5754
42.7091     42.3126     41.4041     40.0228     38.2265     36.0877     33.689     31.1174
28.46     25.7993     23.2091     20.7527     18.4811     16.4333     14.6381     13.1165
11.886     10.9663     10.3857     10.1897     10.4504     11.2789     12.8385     15.361
19.1639     24.6698     32.4251     43.1183     57.594     76.8606     102.087     134.59
175.794     227.186     290.233     366.287     456.467     561.529     681.724     816.671
965.24     1125.47     1294.54     1468.78     1643.78     1814.52     1975.63     2121.61
2247.18     2347.57     2418.83     2458.07     2463.7     2435.48     2374.57     2283.43
2165.7     2025.88     1869.14     1700.92     1526.67     1351.55     1180.18     1016.5
863.606     723.752     598.338     487.989     392.654     311.735     244.227     188.846
144.157     108.675     80.9477     59.6185     43.4642     31.4166     22.5691     16.172
11.62     8.43593     6.25205     4.79164     3.85203     3.28978     3.00841     2.94888
3.0826     3.40671     3.9415     4.72941     5.83524     7.34732     9.37894     12.0696
15.5858     20.1195     25.8863     33.119     42.0593     52.9461     65.9994     81.4025
99.2805     119.679     142.542     167.697     194.835     223.51     253.139     283.015
312.327     340.199     365.727     388.029     406.293     419.827     428.104     430.794
427.783     419.188     405.344     386.78     364.193     338.398     310.281     280.749
250.683     220.894     192.092     164.863     139.654     116.772     96.3902     78.5629
63.2423     50.3005     39.5513     30.7717     23.7197     18.1509     13.8299     10.539
8.08405     6.29638     5.0335     4.1777     3.63363     3.32533     3.193     3.18982
3.27916     3.43209     3.62539     3.84004     4.06017     4.27229     4.46495     4.62858
4.75542     4.83967     4.87754     4.86729     4.80927     4.70579     4.5609     4.38012
4.17011     3.93819     3.69198     3.43895     3.18611     2.93965     2.70479     2.48565
2.28519     2.10529     1.94685     1.80995     1.69406     1.59821     1.52119     1.46178
1.41884     1.3915     1.37926     1.3821     1.40057     1.43589     1.49009     1.56608
1.66779     1.80036     1.97022     2.18527     2.45493     2.79016     3.20338     3.70826
4.31929     5.05125     5.91837     6.93335     8.10622     9.44304     10.9446     12.6051
14.4112     16.3411     18.3644     20.442     22.5274     24.5675     26.5054     28.2821
29.8402     31.1265     32.0951     32.7102     32.9483     32.7995     32.2685     31.3741
30.1481     28.6336     26.8823     24.9516     22.9015     20.7918     18.6787     16.613
14.638     12.7884     11.0897     9.55868     8.20329     7.02417     6.01572     5.16751
4.46574     3.8946     3.43753     3.07832     2.80197     2.59541     2.44807     2.35233
2.30383     2.30187     2.34969     2.45486     2.62974     2.89188     3.26455     3.77718
4.46569     5.37263     6.54698     8.04353     9.92167     12.2435     15.0712     18.4637
22.4726     27.1376     32.481     38.5037     45.1794     52.4517     60.2308     68.3934
76.7831     85.2141     93.4774     101.348     108.596     114.994     120.335     124.439
127.161     128.407     128.134     126.353     123.129     118.58     112.866     106.183
98.7489     90.7962     82.5574     74.2552     66.0933     58.2488     50.8672     44.0601
37.9036     32.4408     27.6841     23.6196     20.2119     17.4093     15.1488     13.361
11.9744     10.9187     10.128     9.5424     9.11021     8.78817     8.54215     8.34696
8.186     8.05051     7.93876     7.85493     7.80802     7.81056     7.87738     8.02426
8.26665     8.61839     9.09051     9.69011     10.4194     11.275     12.2472     13.3201
14.4713     15.6729     16.8917     18.0909     19.2317     20.2746     21.1817     21.9184
22.4555     22.7705     22.849     22.6854     22.2831     21.6546     20.8203     19.8077
18.6496     17.3828     16.0457     14.6771     13.3144     11.9924     10.742     9.5902
8.55918     7.66683     6.9268     6.34903     5.94032     5.70478     5.64437     5.75912
6.04733     6.50543     7.12776     7.90616     8.8295     9.88322     11.0488     12.3038
13.6214     14.971     16.3188     17.6284     18.8625     19.984     20.9575     21.7516
22.3396     22.7015     22.825     22.7057     22.348     21.7642     20.9743     20.0046
18.8862     17.6536     16.3428     14.9897     13.6283     12.2899     11.0016     9.78562
8.65942     7.63519     6.72033     5.91788     5.22714     4.6444     4.16366     3.77735
3.47696     3.25354     3.09821     3.00236     2.95789     2.95732     2.99377     3.06092
3.15297     3.26451     3.39044     3.52594     3.66636     3.80729     3.9445     4.07408
4.19245     4.29646     4.38353     4.4517     4.49974     4.52715     4.53425     4.5221
4.4925     4.4479     4.39128     4.32605     4.25594     4.18486     4.11683     4.05592
4.00625     3.97201     3.95763     3.96799     4.00867     4.08641     4.2096     4.38892
4.6381     4.97483     5.42175     6.0076     6.7685     7.74927     9.00481     10.6016
12.6189     15.1501     18.3036     22.2033     26.9887     32.814     39.8464     48.2631
58.247     69.9807     83.6392     99.3803     117.334     137.59     160.186     185.093
212.204     241.322     272.153     304.304     337.28     370.491     403.268     434.879
464.555     491.515     515.009     534.34     548.907     558.232     561.988     560.014
552.33     539.132     520.791     497.828     470.893     440.731     408.148     373.975
339.029     304.085     269.844     236.914     205.796     176.872     150.412     126.571
105.406     86.8842     70.9013     57.2982     45.8763     36.4131     28.6757     22.4317
17.458     13.547     10.5109     8.18403     6.42326     5.10754     4.13652     3.42851
2.91821     2.55438     2.29752     2.11776     1.99294     1.907     1.84858     1.80991
1.78588     1.77334     1.77051     1.77661     1.7915     1.81547     1.84908     1.893
1.94801     2.01489     2.09442     2.18739     2.29458     2.41679     2.55487     2.70972
2.88232     3.07374     3.28514     3.51773     3.77275     4.05135     4.35454     4.68302
5.03704     5.41619     5.81927     6.24408     6.68724     7.14415     7.60884     8.07409
8.53147     8.97156     9.38426     9.75913     10.0859     10.3548     10.5573     10.6863
10.7368     10.7061     10.5941     10.4031     10.1382     9.80709     9.41928     8.98626
8.52079     8.03648     7.54729     7.06708     6.60921     6.18619     5.80944     5.48907
5.23382     5.05099     4.94642     4.9245     4.98817     5.13894     5.37684     5.70035
6.10634     6.58996     7.14455     7.76156     8.43059     9.13938     9.874     10.6191
11.3582     12.0744     12.7504     13.3697     13.9169     14.3782     14.7425     15.0012
15.1489     15.1835     15.1066     14.9227     14.6396     14.2674     13.8186     13.3071
12.7476     12.1554     11.5454     10.9322     10.329     9.74805     9.20007     8.69434
8.23873     7.83977     7.5028     7.23212     7.03117     6.90264     6.84863     6.87067
6.96979     7.14654     7.4009     7.73234     8.13971     8.62126     9.17465     9.79705
10.4852     11.2355     12.0446     12.9088     13.8252     14.791     15.8044     16.8639
17.9684     19.1173     20.3096     21.5437     22.8167     24.124     25.4584     26.8103
28.1667     29.5119     30.8275     32.0934     33.2889     34.3944     35.3933     36.2745
37.0346     37.6812     38.2352     38.7337     39.2321     39.8065     40.5548     41.5979
43.0792     45.1635     48.0351     51.8942     56.9517     63.423     71.5201     81.442
93.3647     107.429     123.729     142.301     163.109     186.04     210.893     237.379
265.118     293.644     322.417     350.835     378.258     404.024     427.48     448.01
465.058     478.155     486.944     491.192     490.805     485.828     476.447     462.975
445.836     425.547     402.688     377.881     351.756     324.93     297.983     271.437
245.744     221.273     198.312     177.062     157.647     140.117     124.464     110.627
98.509     87.9863     78.9185     71.1583     64.558     58.9746     54.2739     50.3319
47.0363     44.2857     41.9893     40.066     38.4432     37.056     35.8466     34.7639
33.7636     32.8081     31.8673     30.9185     29.9474     28.9482     27.9234     26.8845
25.8515     24.8521     23.9217     23.1022     22.441     21.9903     21.8053     21.9434
22.4625     23.4196     24.8689     26.8601     29.4366     32.6331     36.4737     40.9694
46.1163     51.8933     58.2606     65.1585     72.5069     80.2053     88.134     96.1558
104.119     111.863     119.219     126.02     132.103     137.318     141.53     144.63
146.534     147.189     146.576     144.71     141.639     137.443     132.229     126.129
119.29     111.875     104.049     95.9795     87.8254     79.7358     71.8438     64.264
57.0906     50.396     44.2314     38.6274     33.596     29.1326     25.2192     21.8265
18.9175     16.4497     14.3777     12.6554     11.2377     10.082     9.14868     8.40251
7.81239     7.35168     6.99811     6.73358     6.54388     6.41849     6.35029     6.33548
6.37349     6.46707     6.62249     6.84985     7.16356     7.58285     8.1324     8.84297
9.7521     10.9046     12.3531     14.158     16.3879     19.1185     22.4324     26.4171
31.1631     36.7617     43.3011     50.8628     59.5175     69.3198     80.3037     92.4774
105.819     120.27     135.737     152.084     169.135     186.675     204.45     222.176
239.541     256.216     271.866     286.157     298.771     309.415     317.835     323.825
327.232     327.968     326.012     321.408     314.268     304.764     293.125     279.623
264.566     248.287     231.129     213.435     195.534     177.736     160.321     143.53
127.567     112.59     98.7159     86.0202     74.5398     64.2776     55.2078     47.2806
40.4284     34.5712     29.6212     25.4876     22.0805     19.3139     17.108     15.3913
14.1016     13.1868     12.605     12.3241     12.322     12.5853     13.1086     13.8933
14.9466     16.2799     17.9072     19.8434     22.1028     24.6968     27.6324     30.9103
34.5228     38.4531     42.6736     47.1454     51.8179     56.6298     61.5094     66.3769
71.1464     75.7287     80.0346     83.9787     87.482     90.4765     92.9071     94.7349
95.9384     96.5147     96.4793     95.8654     94.7222     93.1117     91.1066     88.7859
86.2317     83.5257     80.7453     77.9612     75.2352     72.6183     70.15     67.8584
65.7605     63.8635     62.1664     60.6614     59.3365     58.1764     57.1652     56.2869
55.5269     54.8725     54.3133     53.8409     53.4487     53.1314     52.8841     52.7016
52.578     52.5057     52.4755     52.4762     52.4944     52.5152     52.5227     52.5001
52.4309     52.2996     52.0925     51.7982     51.4087     50.9192     50.3292     49.6417
48.8639     48.0064     47.0831     46.11     45.1054     44.0882     43.0779     42.0935
41.1529     40.2721     39.4654     38.7445     38.1186     37.5941     37.1752     36.8636
36.6592     36.5601     36.5631     36.6643     36.8593     37.1435     37.5125     37.9624
38.4902     39.0936     39.7714     40.5235     41.3511     42.2565     43.2433     44.3165
45.4821     46.7474     48.1208     49.6117     51.2303     52.9874     54.8941     56.9614
59.1997     61.618     64.2235     67.0209     70.0112     73.1913     76.5532     80.0832
83.7614     87.5616     91.4513     95.3917     99.3388     103.244     107.055     110.719
114.183     117.395     120.308     122.881     125.083     126.889     128.286     129.274
129.862     130.073     129.939     129.502     128.812     127.924     126.899     125.798
124.68     123.605     122.625     121.789     121.136     120.7     120.504     120.566
120.894     121.489     122.348     123.461     124.816     126.397     128.188     130.172
132.334     134.659     137.135     139.753     142.506     145.391     148.407     151.556
154.841     158.27     161.85     165.592     169.506     173.602     177.895     182.396
187.118     192.075     197.28     202.749     208.494     214.533     220.88     227.552
234.566     241.942     249.697     257.854     266.433     275.456     284.949     294.935
305.441     316.495     328.125     340.362     353.235     366.777     381.021     395.999
411.744     428.289     445.667     463.908     483.039     503.088     524.074     546.016
568.924     592.802     617.646     643.444     670.173     697.798     726.273     755.539
785.524     816.141     847.29     878.856     910.711     942.713     974.708     1006.53
1038.01     1068.95     1099.17     1128.47     1156.67     1183.55     1208.93     1232.62
1254.45     1274.24     1291.83     1307.09     1319.89     1330.13     1337.73     1342.61
1344.75     1344.13     1340.75     1334.64     1325.86     1314.47     1300.59     1284.32
1265.8     1245.18     1222.63     1198.32     1172.46     1145.25     1116.9     1087.63
1057.67     1027.27     996.656     966.085     935.812     906.1     877.219     849.446
823.069     798.382     775.688     755.299     737.534     722.714     711.164     703.206
699.154     699.309     703.95     713.326     727.647     747.078     771.722     801.616
836.72     876.907     921.957     971.553     1025.27     1082.59     1142.88     1205.4
1269.35     1333.81     1397.8     1460.3     1520.24     1576.52     1628.07     1673.85
1712.87     1744.22     1767.11     1780.89     1785.04     1779.25     1763.37     1737.46
1701.77     1656.75     1603.04     1541.44     1472.89     1398.45     1319.28     1236.57
1151.55     1065.41     979.324     894.358     811.493     731.584     655.355     583.385
516.11     453.825     396.693     344.754     297.94     256.096     218.99     186.337
157.81     133.059     111.725     93.4467     77.8761     64.6814     53.5539     44.2107
36.3968     29.885     24.4758     19.9954     16.294     13.2439     10.7363     8.67965
6.99691     5.62369     4.50625     3.59981     2.86714     2.27728     1.8045     1.42748
1.12849     0.892876     0.708495     0.56534     0.455174     0.371248     0.308053     0.261115
0.226824     0.202277     0.185161     0.173641     0.16627     0.161918     0.159702     0.158941
0.159109     0.159802     0.160711     0.1616     0.162291     0.162648     0.162571     0.161988
0.16085     0.159129     0.156814     0.15391     0.150439     0.146436     0.141948     0.137035
0.131766     0.126218     0.120473     0.114618     0.108736     0.102911     0.0972201     0.0917334
0.0865105     0.0815996     0.0770361     0.0728421     0.0690261     0.0655837     0.0624987     0.0597444
0.0572858     0.0550816     0.0530862     0.0512528     0.0495347     0.0478881     0.0462736     0.0446574
0.0430127     0.0413199     0.0395673     0.0377506     0.0358726     0.0339425     0.0319746     0.0299879
0.0280046     0.0260491     0.0241474     0.0223263     0.0206126     0.0190336     0.0176163     0.0163882
0.0153778     0.0146156     0.0141344     0.0139711     0.0141676     0.0147716     0.0158381     0.0174298
0.0196176     0.022481     0.0261073     0.0305907     0.0360306     0.0425292     0.0501886     0.0591067
0.0693728     0.0810628     0.0942336     0.108918     0.125117     0.142801     0.161896     0.182288
0.203818     0.226281     0.24943     0.272975     0.296591     0.319927     0.342609     0.364259
0.384496     0.402957     0.419304     0.433237     0.444504     0.452907     0.458316     0.460662
0.459948     0.456243     0.44968     0.440448     0.428785     0.414968     0.399304     0.382114
0.36373     0.344477     0.324667     0.304591     0.284516     0.264673     0.245262     0.226447
0.208358     0.191094     0.174723     0.159289     0.144812     0.131299     0.118739     0.107116
0.096404     0.0865765     0.0776055     0.0694641     0.0621283     0.0555778     0.0497966     0.0447742
0.0405052     0.03699     0.0342349     0.0322518     0.0310587     0.0306792     0.0311422     0.0324813
0.0347344     0.0379423     0.0421473     0.0473915     0.0537152     0.0611538     0.0697358     0.0794798
0.0903917     0.102462     0.115662     0.129945     0.145238     0.161448     0.178453     0.196112
0.214254     0.23269     0.25121     0.269588     0.287586     0.304957     0.321455     0.336835
0.350862     0.363315     0.373995     0.382726     0.389365     0.393801     0.395959     0.395803
0.393337     0.388604     0.381683     0.372692     0.361779     0.349121     0.33492     0.319396
0.302783     0.285322     0.267256     0.248827     0.230265     0.21179     0.193604     0.175888
